1 1 1 2 0.320736
1 1 1 8 -0.218335
1 1 2 1 -0.648938
1 1 2 2 -0.439080
1 1 2 7 -0.758399
1 1 3 3 0.916045
1 1 3 4 -0.723334
1 1 3 9 0.536664
1 1 4 4 -0.217952
1 1 5 5 -0.362080
1 1 5 8 -0.530082
1 1 6 1 -0.885489
1 1 6 8 0.004749
1 1 6 10 0.761747
1 1 7 9 0.696160
1 1 7 10 -0.482185
1 1 7 11 -0.568248
1 1 8 3 -0.923045
1 1 9 7 -0.390799
1 1 9 10 0.601754
1 1 10 2 -0.792010
1 1 10 3 -0.326823
1 1 10 4 -0.687287
1 1 10 5 -0.662029
1 1 10 6 0.831464
1 1 11 3 0.243767
1 1 11 4 0.630058
1 1 11 9 -0.830260
1 1 11 11 -0.409315
1 2 1 4 -0.596966
1 2 1 8 0.619607
1 2 1 11 0.144784
1 2 2 2 0.211005
1 2 2 5 -0.533004
1 2 3 1 0.228681
1 2 3 2 -0.073342
1 2 3 4 0.791856
1 2 3 9 -0.166433
1 2 4 4 -0.843270
1 2 4 5 -0.546499
1 2 4 6 0.942317
1 2 4 8 0.709753
1 2 5 3 0.446386
1 2 5 6 0.867134
1 2 5 10 -0.412614
1 2 5 11 0.014014
1 2 6 2 -0.599455
1 2 7 5 0.015150
1 2 8 8 0.479715
1 2 9 2 -0.936229
1 2 9 3 0.510907
1 2 9 4 -0.601272
1 2 9 5 0.685217
1 2 9 6 -0.849191
1 2 10 1 -0.895414
1 2 10 4 0.843573
1 2 10 5 0.413699
1 2 10 8 -0.529434
1 2 10 11 -0.571622
1 2 11 2 0.226086
1 2 11 3 -0.221544
1 2 11 10 -0.285859
1 3 1 1 0.667185
1 3 1 2 -0.926015
1 3 1 4 0.284857
1 3 1 7 0.784176
1 3 1 10 -0.462489
1 3 2 6 -0.916906
1 3 2 7 -0.167798
1 3 2 10 0.088764
1 3 3 3 -0.850265
1 3 3 5 0.157883
1 3 3 7 0.869290
1 3 3 8 0.739392
1 3 3 10 -0.854539
1 3 4 1 0.085985
1 3 4 5 0.793132
1 3 4 6 -0.034795
1 3 4 7 0.496154
1 3 4 8 0.412372
1 3 5 5 0.154976
1 3 5 6 0.214914
1 3 5 7 0.573740
1 3 6 1 0.195961
1 3 6 9 0.724621
1 3 6 11 0.255621
1 3 7 1 0.236726
1 3 7 4 -0.464300
1 3 7 5 -0.315894
1 3 7 9 -0.371801
1 3 8 5 -0.578645
1 3 8 8 -0.912374
1 3 8 11 0.191050
1 3 9 1 0.528150
1 3 9 4 -0.770655
1 3 9 9 0.796167
1 3 10 10 0.410422
1 3 11 2 -0.964503
1 3 11 6 -0.968775
1 3 11 7 -0.790333
1 4 1 1 -0.082729
1 4 1 5 0.075634
1 4 1 8 -0.577839
1 4 2 5 -0.074088
1 4 3 1 0.586794
1 4 4 1 0.263845
1 4 4 4 -0.915714
1 4 4 7 0.868680
1 4 4 11 -0.729314
1 4 5 3 -0.011977
1 4 5 4 0.736757
1 4 5 5 0.769309
1 4 5 6 -0.385130
1 4 5 10 0.261361
1 4 6 1 -0.851724
1 4 6 5 0.040391
1 4 7 1 0.378586
1 4 7 5 0.182841
1 4 9 3 0.828805
1 4 9 4 0.188178
1 4 9 7 -0.961249
1 4 10 9 -0.609223
1 4 10 11 0.113098
1 4 11 5 -0.808243
1 4 11 6 -0.975438
1 4 11 9 0.602256
1 5 1 1 -0.962806
1 5 1 2 -0.513888
1 5 1 8 -0.857647
1 5 1 10 -0.984000
1 5 2 1 0.943947
1 5 2 2 0.429054
1 5 2 7 0.663009
1 5 2 8 0.017695
1 5 2 11 -0.786767
1 5 3 3 0.896869
1 5 3 6 -0.534344
1 5 3 10 0.297773
1 5 4 2 -0.383606
1 5 5 7 0.862644
1 5 5 9 0.072992
1 5 6 10 -0.341959
1 5 7 3 -0.164421
1 5 7 7 -0.565651
1 5 7 9 0.259301
1 5 8 5 0.674307
1 5 8 11 0.009047
1 5 9 4 0.154038
1 5 9 7 0.200649
1 5 10 4 0.153071
1 5 10 10 -0.325537
1 5 11 2 0.346107
1 5 11 3 0.356544
1 5 11 4 0.359203
1 5 11 5 -0.990719
1 5 11 6 0.222102
1 6 1 7 -0.132023
1 6 1 8 -0.628005
1 6 1 10 -0.019107
1 6 1 11 -0.162866
1 6 3 6 0.336458
1 6 3 7 0.740684
1 6 3 8 -0.037210
1 6 3 9 -0.259536
1 6 3 10 -0.432612
1 6 4 2 0.359548
1 6 4 7 0.135237
1 6 4 9 0.931926
1 6 5 2 -0.381215
1 6 5 3 0.048919
1 6 6 4 0.071609
1 6 6 8 0.564968
1 6 7 2 0.587395
1 6 7 10 -0.148227
1 6 9 3 -0.466781
1 6 9 4 0.151567
1 6 9 5 -0.111301
1 6 9 7 0.018078
1 6 10 2 -0.616490
1 6 10 5 -0.747277
1 6 10 7 -0.957798
1 6 10 9 -0.913517
1 6 11 5 -0.091248
1 6 11 8 -0.669098
1 6 11 9 0.998780
1 6 11 10 0.920155
1 7 1 1 -0.675610
1 7 1 10 -0.779860
1 7 1 11 -0.516227
1 7 2 3 -0.054345
1 7 2 4 -0.474312
1 7 2 7 -0.013904
1 7 2 10 0.552794
1 7 2 11 0.670436
1 7 3 8 -0.920735
1 7 4 3 -0.113968
1 7 4 6 0.972142
1 7 5 8 -0.192727
1 7 5 11 0.292946
1 7 6 8 -0.785894
1 7 6 9 -0.216799
1 7 7 5 0.630284
1 7 7 6 0.153364
1 7 7 9 -0.989033
1 7 8 2 0.526257
1 7 8 8 0.030654
1 7 10 8 0.728736
1 7 11 2 -0.794051
1 7 11 5 0.878121
1 7 11 8 0.508522
1 7 11 11 0.857813
1 8 2 9 -0.129576
1 8 2 11 -0.682564
1 8 3 1 -0.225990
1 8 3 6 0.724158
1 8 3 7 -0.735996
1 8 3 11 -0.071072
1 8 4 2 0.247002
1 8 4 4 0.403847
1 8 4 5 -0.775045
1 8 4 8 -0.319082
1 8 4 11 -0.783098
1 8 5 11 -0.254971
1 8 6 2 0.053149
1 8 6 3 -0.988340
1 8 6 6 -0.519939
1 8 6 8 0.225486
1 8 6 9 0.647678
1 8 6 10 0.062483
1 8 6 11 -0.924293
1 8 7 1 -0.628091
1 8 7 6 0.532019
1 8 7 7 -0.925459
1 8 7 9 -0.691104
1 8 9 1 0.364932
1 8 9 11 0.747508
1 8 10 8 0.590426
1 8 11 6 0.356384
1 9 1 3 -0.572421
1 9 1 8 0.873378
1 9 1 11 0.064289
1 9 2 3 -0.908222
1 9 2 5 0.532849
1 9 2 7 0.921152
1 9 2 10 0.747360
1 9 3 2 -0.700500
1 9 4 3 0.642256
1 9 4 4 0.333662
1 9 4 6 0.794324
1 9 5 6 -0.579222
1 9 5 8 0.090741
1 9 5 10 0.851865
1 9 6 1 0.702925
1 9 7 2 0.364811
1 9 7 5 -0.065374
1 9 7 11 0.341764
1 9 8 2 -0.260797
1 9 8 3 -0.151841
1 9 8 4 0.522765
1 9 8 5 0.369741
1 9 8 9 0.443790
1 9 9 3 -0.508462
1 9 9 5 0.870444
1 9 9 7 0.072176
1 9 10 3 -0.746427
1 9 10 5 0.748804
1 9 10 8 -0.393691
1 10 1 2 0.110874
1 10 1 8 0.825527
1 10 1 9 0.273106
1 10 2 3 -0.185295
1 10 2 5 0.790183
1 10 2 6 0.480930
1 10 2 7 -0.290596
1 10 2 10 -0.536629
1 10 3 2 -0.805837
1 10 3 3 -0.242152
1 10 3 8 -0.608249
1 10 3 11 0.987428
1 10 4 2 -0.045800
1 10 4 4 0.594233
1 10 4 6 -0.962071
1 10 4 10 -0.788284
1 10 5 5 0.628535
1 10 5 6 0.834921
1 10 5 9 0.011644
1 10 6 5 0.731736
1 10 6 9 -0.175523
1 10 7 1 0.078059
1 10 8 2 0.928489
1 10 8 3 0.875602
1 10 8 4 0.383477
1 10 8 10 0.519183
1 10 9 3 -0.305367
1 10 9 6 -0.463464
1 10 9 7 -0.096853
1 10 10 9 -0.244360
1 10 11 1 0.532597
1 10 11 5 -0.104438
1 10 11 6 -0.113592
1 10 11 8 0.995958
1 10 11 9 -0.025559
1 10 11 11 0.669141
1 11 1 1 0.272458
1 11 1 8 -0.759052
1 11 2 11 0.685372
1 11 3 3 0.537962
1 11 3 5 0.194653
1 11 4 6 0.889382
1 11 5 3 0.919786
1 11 5 4 -0.658526
1 11 6 1 -0.806460
1 11 6 8 -0.369047
1 11 8 2 0.153106
1 11 8 4 0.392473
1 11 8 6 -0.442187
1 11 8 11 -0.097563
1 11 9 1 -0.021564
1 11 9 2 -0.351657
1 11 9 6 -0.642621
1 11 9 9 -0.862641
1 11 9 10 0.294318
1 11 10 1 -0.971008
1 11 10 3 -0.989865
1 11 10 4 0.489176
1 11 10 6 -0.813356
1 11 10 8 -0.561520
1 11 10 10 -0.888896
1 11 11 11 -0.656598
2 1 1 8 0.280896
2 1 1 9 0.907511
2 1 2 4 0.235453
2 1 2 8 0.817745
2 1 4 8 -0.881874
2 1 5 6 -0.976541
2 1 5 11 -0.652898
2 1 6 3 0.847643
2 1 6 4 0.754009
2 1 6 9 0.233002
2 1 6 10 -0.659149
2 1 7 6 -0.867918
2 1 8 5 0.476132
2 1 8 7 -0.112461
2 1 8 11 0.248104
2 1 9 2 -0.812512
2 1 9 3 0.476898
2 1 9 7 -0.403308
2 1 9 8 -0.967673
2 1 9 9 0.784125
2 1 10 6 -0.732536
2 1 11 7 -0.075009
2 2 1 7 -0.253072
2 2 1 8 0.159447
2 2 1 9 0.089351
2 2 1 10 0.155119
2 2 2 1 0.241640
2 2 4 2 0.608250
2 2 4 10 0.809122
2 2 5 1 -0.956845
2 2 5 2 0.415174
2 2 5 4 0.596021
2 2 5 6 -0.638756
2 2 5 8 -0.439439
2 2 5 11 -0.167863
2 2 8 1 0.166430
2 2 8 2 0.143985
2 2 8 5 -0.065207
2 2 9 1 -0.099574
2 2 9 5 -0.252017
2 2 9 6 0.254168
2 2 9 9 0.700311
2 2 10 1 0.817707
2 2 10 8 -0.129850
2 2 11 7 -0.126038
2 2 11 8 0.823676
2 2 11 10 0.005400
2 2 11 11 0.841331
2 3 1 2 0.018401
2 3 1 6 -0.810128
2 3 1 11 0.636905
2 3 3 9 -0.918440
2 3 3 11 -0.869394
2 3 4 7 -0.100090
2 3 4 9 -0.433495
2 3 6 1 -0.958284
2 3 6 4 -0.607914
2 3 6 8 -0.950434
2 3 6 9 -0.671348
2 3 7 1 0.167518
2 3 7 9 0.699468
2 3 8 5 -0.653750
2 3 8 11 0.687308
2 3 9 2 -0.637480
2 3 9 3 0.747317
2 3 9 5 -0.680578
2 3 9 6 -0.444463
2 3 9 8 -0.454213
2 3 10 6 0.366479
2 3 10 7 -0.506173
2 3 10 11 0.490750
2 3 11 3 -0.700219
2 3 11 4 0.566383
2 4 1 2 -0.067261
2 4 1 4 0.615668
2 4 1 5 -0.959242
2 4 1 6 -0.018657
2 4 1 10 -0.171090
2 4 1 11 0.555468
2 4 2 6 -0.370389
2 4 2 7 -0.155920
2 4 2 10 -0.706026
2 4 3 6 0.994428
2 4 4 6 0.157258
2 4 5 2 0.474867
2 4 5 4 0.509564
2 4 5 6 0.024055
2 4 5 7 -0.560931
2 4 5 9 0.676551
2 4 6 5 0.090452
2 4 6 11 -0.034328
2 4 7 8 -0.248027
2 4 8 2 0.807544
2 4 8 6 -0.398658
2 4 8 8 0.677594
2 4 8 11 -0.283256
2 4 9 4 0.469316
2 4 10 3 -0.355990
2 4 10 4 -0.243251
2 4 10 11 -0.021859
2 4 11 3 0.935679
2 4 11 4 -0.142934
2 5 1 3 -0.983487
2 5 1 11 0.181169
2 5 2 2 0.026767
2 5 2 7 -0.843280
2 5 3 1 0.420137
2 5 3 2 0.110527
2 5 3 9 -0.956077
2 5 3 10 -0.063959
2 5 4 5 0.319906
2 5 4 6 0.187495
2 5 4 10 -0.688497
2 5 5 1 0.473255
2 5 5 11 -0.369559
2 5 7 2 -0.389728
2 5 7 5 -0.031419
2 5 8 1 -0.760756
2 5 8 3 -0.910220
2 5 8 7 0.825571
2 5 8 11 -0.073701
2 5 10 1 -0.178986
2 5 10 3 0.694143
2 5 10 4 0.079554
2 5 11 8 0.257458
2 5 11 11 0.104787
2 6 1 2 -0.791172
2 6 1 5 0.862338
2 6 1 7 -0.249350
2 6 2 9 0.852762
2 6 3 2 0.137613
2 6 3 4 0.871881
2 6 4 1 -0.768161
2 6 4 10 -0.153716
2 6 5 8 0.041854
2 6 5 11 -0.098023
2 6 6 4 -0.143707
2 6 6 5 0.031108
2 6 6 11 0.061062
2 6 7 9 -0.999185
2 6 8 1 0.114772
2 6 8 2 -0.490617
2 6 8 5 0.656046
2 6 9 3 -0.494364
2 6 9 4 0.017603
2 6 9 6 -0.280092
2 6 9 7 -0.259816
2 6 10 4 0.732389
2 6 10 7 0.638663
2 6 11 3 0.431067
2 6 11 10 0.942140
2 6 11 11 0.291343
2 7 1 2 -0.148180
2 7 1 8 0.616254
2 7 2 3 0.691080
2 7 3 1 -0.131206
2 7 3 5 -0.551023
2 7 3 9 -0.986884
2 7 4 6 0.301828
2 7 5 4 0.584389
2 7 5 8 0.396903
2 7 5 10 -0.942838
2 7 6 1 -0.046916
2 7 7 5 0.661460
2 7 8 4 0.595974
2 7 8 6 -0.601215
2 7 8 8 -0.313385
2 7 8 9 -0.362396
2 7 9 2 0.523350
2 7 10 7 0.837241
2 7 10 10 -0.194707
2 7 11 3 0.914978
2 7 11 6 -0.902840
2 8 1 2 -0.648599
2 8 1 8 0.099078
2 8 2 4 -0.866828
2 8 3 1 0.908936
2 8 3 5 -0.603676
2 8 3 10 -0.716557
2 8 4 1 0.916740
2 8 4 7 0.025743
2 8 4 11 0.921141
2 8 5 3 0.773579
2 8 5 5 -0.001006
2 8 5 6 0.401900
2 8 5 11 0.145373
2 8 6 1 -0.267625
2 8 6 10 -0.883143
2 8 7 2 -0.483882
2 8 7 5 0.879235
2 8 7 6 0.283487
2 8 7 11 -0.790620
2 8 8 1 0.631037
2 8 8 7 -0.288967
2 8 8 10 0.860447
2 8 9 3 0.521521
2 8 9 4 0.115819
2 8 9 8 -0.518789
2 8 9 11 -0.148967
2 8 10 5 -0.925824
2 8 10 7 -0.911255
2 8 10 8 0.750437
2 8 11 4 0.872417
2 8 11 5 0.429187
2 8 11 8 -0.346002
2 8 11 10 -0.642034
2 9 1 1 -0.945639
2 9 1 3 -0.498633
2 9 1 5 -0.549938
2 9 1 6 0.234515
2 9 1 11 0.342735
2 9 2 5 0.656405
2 9 2 7 0.334333
2 9 2 11 -0.496894
2 9 3 3 -0.763566
2 9 3 6 0.100884
2 9 4 1 -0.124610
2 9 4 6 0.610807
2 9 4 7 -0.529451
2 9 4 10 -0.031857
2 9 4 11 -0.976794
2 9 6 6 0.464480
2 9 6 7 0.650805
2 9 6 8 0.758374
2 9 7 6 -0.498141
2 9 7 10 0.971730
2 9 7 11 -0.917718
2 9 8 3 0.324365
2 9 8 4 -0.930362
2 9 8 5 0.167360
2 9 8 8 0.935446
2 9 9 3 -0.833370
2 9 10 7 0.526145
2 9 10 8 0.367052
2 9 11 1 -0.846489
2 9 11 5 -0.276310
2 9 11 6 0.007635
2 9 11 10 -0.124829
2 9 11 11 0.521828
2 10 1 1 -0.008596
2 10 1 2 -0.498090
2 10 1 11 0.969787
2 10 2 1 -0.851497
2 10 2 6 0.008027
2 10 2 7 -0.159256
2 10 2 9 -0.845964
2 10 3 1 -0.596726
2 10 3 2 -0.754970
2 10 3 9 0.449899
2 10 3 10 0.114602
2 10 4 4 -0.632052
2 10 4 5 -0.808994
2 10 4 6 -0.894781
2 10 4 8 0.599098
2 10 5 3 0.123707
2 10 5 5 0.569355
2 10 5 10 -0.332064
2 10 6 7 0.485713
2 10 6 11 -0.226572
2 10 7 4 -0.838373
2 10 7 8 -0.305350
2 10 7 10 0.542167
2 10 8 4 -0.843332
2 10 8 8 -0.444706
2 10 8 10 0.202132
2 10 9 11 -0.460881
2 10 10 5 0.763763
2 10 10 7 -0.136588
2 10 10 11 0.743970
2 10 11 1 -0.638525
2 10 11 3 0.088232
2 10 11 5 -0.774441
2 10 11 8 -0.218563
2 11 1 2 -0.375099
2 11 1 3 0.612327
2 11 2 3 0.086836
2 11 2 7 0.440757
2 11 2 8 0.832345
2 11 3 2 0.861905
2 11 3 6 0.532552
2 11 3 7 -0.439801
2 11 4 7 -0.830000
2 11 4 8 0.201028
2 11 6 2 0.780105
2 11 6 4 0.653140
2 11 6 11 0.960538
2 11 7 3 -0.495008
2 11 7 8 -0.560740
2 11 7 10 -0.757298
2 11 8 4 -0.442481
2 11 8 5 0.132919
2 11 8 8 0.455770
2 11 9 1 0.956054
2 11 9 2 0.722764
2 11 9 3 -0.369187
2 11 9 9 -0.542015
2 11 9 10 -0.198755
2 11 10 1 0.211837
2 11 10 2 0.864154
2 11 10 4 0.280998
2 11 10 5 0.982440
2 11 10 6 0.108028
2 11 10 8 0.534969
2 11 10 10 -0.357978
2 11 11 1 0.764115
3 1 1 3 -0.175168
3 1 1 5 0.455894
3 1 2 3 -0.426670
3 1 2 4 -0.948204
3 1 2 9 -0.172574
3 1 3 3 -0.587687
3 1 3 10 0.269575
3 1 3 11 0.886216
3 1 4 4 0.914048
3 1 4 9 0.230449
3 1 4 11 -0.204287
3 1 5 1 0.704862
3 1 5 2 -0.083456
3 1 5 5 0.711851
3 1 5 7 -0.932724
3 1 5 9 -0.732892
3 1 5 10 -0.282930
3 1 6 5 -0.285301
3 1 6 6 -0.458397
3 1 6 7 -0.583608
3 1 7 1 0.692323
3 1 7 6 0.679960
3 1 7 7 0.757495
3 1 7 9 -0.570804
3 1 7 10 0.726976
3 1 8 4 -0.110662
3 1 8 7 -0.585212
3 1 8 11 -0.143536
3 1 9 1 -0.803643
3 1 9 4 -0.345636
3 1 9 5 0.074376
3 1 9 8 0.511284
3 1 10 1 0.887215
3 1 10 2 0.987796
3 1 10 11 0.754803
3 1 11 8 -0.869899
3 1 11 11 0.950937
3 2 1 1 0.614567
3 2 1 3 -0.597378
3 2 1 5 0.572399
3 2 2 4 0.612815
3 2 2 7 0.377944
3 2 3 3 -0.408417
3 2 3 5 -0.028848
3 2 3 9 0.910518
3 2 4 1 0.835240
3 2 4 4 0.437823
3 2 5 1 0.873077
3 2 5 7 0.894107
3 2 5 10 -0.317426
3 2 6 2 -0.689365
3 2 6 3 0.117994
3 2 6 5 -0.736683
3 2 6 10 -0.241411
3 2 7 4 -0.214941
3 2 7 7 0.801216
3 2 7 9 0.909094
3 2 8 3 -0.758255
3 2 8 4 -0.095131
3 2 8 9 -0.530689
3 2 9 8 0.473798
3 2 9 10 0.709707
3 2 10 4 -0.200662
3 2 10 9 0.831958
3 2 11 4 -0.069776
3 2 11 7 -0.962488
3 3 1 2 0.188089
3 3 1 9 0.204572
3 3 2 6 0.544825
3 3 2 8 -0.827062
3 3 3 8 0.094754
3 3 3 11 -0.776392
3 3 4 3 0.659386
3 3 4 4 -0.082618
3 3 4 10 0.024631
3 3 5 2 0.600748
3 3 5 8 -0.140555
3 3 5 9 -0.787142
3 3 6 4 -0.491096
3 3 6 5 0.273129
3 3 6 11 0.781720
3 3 7 2 -0.513257
3 3 7 11 -0.048179
3 3 8 1 -0.059209
3 3 8 2 -0.590708
3 3 8 4 0.640423
3 3 8 8 -0.422279
3 3 8 10 -0.375014
3 3 9 6 0.744518
3 3 9 9 0.554144
3 3 10 1 0.738456
3 3 11 3 0.011833
3 3 11 4 0.001039
3 3 11 6 -0.334988
3 3 11 7 -0.938741
3 3 11 10 -0.300560
3 4 1 3 0.493137
3 4 1 7 0.500488
3 4 1 9 -0.777869
3 4 2 1 0.767562
3 4 2 4 0.568165
3 4 2 8 0.904637
3 4 2 10 0.088896
3 4 2 11 0.855763
3 4 3 2 -0.912527
3 4 3 3 0.955102
3 4 3 10 -0.703980
3 4 4 4 -0.459729
3 4 4 9 -0.623080
3 4 4 10 -0.669270
3 4 4 11 0.408597
3 4 5 9 0.476854
3 4 6 4 -0.152489
3 4 6 8 -0.934340
3 4 7 1 0.113261
3 4 7 6 -0.478596
3 4 8 5 -0.503373
3 4 8 8 -0.119184
3 4 8 10 -0.160025
3 4 9 10 0.859013
3 4 10 1 0.817462
3 4 10 5 0.960357
3 4 10 8 0.241609
3 4 10 10 0.300590
3 4 11 2 -0.847972
3 4 11 4 -0.944908
3 4 11 5 0.293413
3 4 11 10 -0.071928
3 5 1 4 0.982892
3 5 1 7 0.026625
3 5 2 1 0.121549
3 5 2 4 -0.148977
3 5 2 5 0.916036
3 5 3 1 0.659992
3 5 3 3 0.305871
3 5 3 9 -0.711912
3 5 4 8 0.208404
3 5 5 2 -0.605408
3 5 6 5 -0.069377
3 5 6 9 0.852757
3 5 7 4 -0.715094
3 5 7 5 -0.840087
3 5 7 11 0.745788
3 5 8 1 0.000697
3 5 8 2 0.053529
3 5 8 11 -0.764775
3 5 9 3 0.955683
3 5 9 5 0.231647
3 5 10 2 0.780805
3 5 10 5 -0.370070
3 5 10 9 0.617743
3 5 11 2 0.220333
3 5 11 6 -0.473811
3 5 11 7 0.113509
3 6 1 2 0.460054
3 6 1 4 -0.463146
3 6 1 9 0.828326
3 6 1 10 0.757608
3 6 2 10 0.399088
3 6 3 11 0.711327
3 6 4 1 -0.188812
3 6 4 3 -0.530252
3 6 4 7 -0.333451
3 6 6 1 -0.662825
3 6 6 6 0.961774
3 6 7 2 -0.715284
3 6 7 6 -0.751191
3 6 7 10 -0.502498
3 6 8 8 0.901786
3 6 8 10 0.719200
3 6 9 6 -0.001437
3 6 10 10 0.117937
3 6 11 3 -0.591010
3 6 11 4 0.003839
3 6 11 7 0.100236
3 6 11 9 -0.790289
3 6 11 11 0.798977
3 7 1 1 0.711842
3 7 1 4 -0.845447
3 7 1 9 -0.259325
3 7 1 10 0.947299
3 7 2 4 0.299917
3 7 2 5 0.982292
3 7 2 6 0.761840
3 7 3 2 0.665048
3 7 4 1 -0.820459
3 7 4 6 -0.962119
3 7 4 8 0.433360
3 7 4 10 -0.085705
3 7 5 4 -0.287143
3 7 5 5 0.359352
3 7 5 7 -0.041518
3 7 5 9 0.806840
3 7 6 1 -0.249134
3 7 6 10 0.648608
3 7 7 2 -0.960713
3 7 7 3 -0.813459
3 7 7 6 0.574286
3 7 8 4 0.841537
3 7 8 5 0.676980
3 7 8 7 0.173139
3 7 8 10 0.564982
3 7 9 1 0.733004
3 7 9 4 0.081311
3 7 10 1 -0.550542
3 7 10 4 -0.185686
3 7 10 5 0.292952
3 7 10 7 -0.518360
3 7 10 8 0.753423
3 7 11 1 0.200536
3 7 11 2 0.907629
3 7 11 6 0.758397
3 7 11 7 0.084344
3 7 11 8 0.596796
3 7 11 10 -0.269749
3 8 1 8 -0.718635
3 8 1 9 0.929673
3 8 2 6 -0.594015
3 8 2 7 0.472545
3 8 2 8 -0.634847
3 8 2 10 -0.059671
3 8 3 2 0.883004
3 8 3 6 -0.539224
3 8 3 7 -0.225229
3 8 4 1 0.825842
3 8 4 11 0.529377
3 8 5 3 -0.140673
3 8 5 9 0.279860
3 8 5 10 -0.684891
3 8 6 2 0.228206
3 8 6 3 0.013012
3 8 6 5 -0.584386
3 8 6 8 -0.442009
3 8 6 9 0.660073
3 8 7 3 0.144724
3 8 7 11 0.844617
3 8 8 5 -0.188192
3 8 8 7 -0.904342
3 8 8 11 -0.899532
3 8 9 1 0.767113
3 8 9 2 -0.847760
3 8 9 11 0.729644
3 8 10 2 -0.084723
3 8 10 3 0.188180
3 8 10 7 -0.973771
3 9 1 5 0.284108
3 9 1 7 0.430032
3 9 1 11 0.103107
3 9 2 2 0.082395
3 9 2 4 -0.212262
3 9 3 4 0.942043
3 9 3 7 0.143928
3 9 3 8 0.015993
3 9 7 8 0.383493
3 9 7 11 -0.360026
3 9 8 1 0.219232
3 9 9 5 0.370373
3 9 9 8 -0.994831
3 9 9 11 -0.390695
3 9 10 1 -0.970568
3 9 11 3 -0.855173
3 10 1 1 -0.947375
3 10 1 8 -0.119642
3 10 2 2 -0.532634
3 10 2 6 0.666296
3 10 2 7 -0.734157
3 10 3 3 -0.613904
3 10 3 5 -0.806623
3 10 3 11 0.114003
3 10 4 7 -0.304548
3 10 4 11 -0.802317
3 10 6 5 -0.425269
3 10 6 6 -0.777600
3 10 6 7 -0.999217
3 10 6 9 -0.465618
3 10 6 11 -0.417802
3 10 7 1 -0.231641
3 10 7 2 -0.638840
3 10 7 8 0.795778
3 10 7 9 -0.293375
3 10 7 10 0.298163
3 10 8 3 -0.630495
3 10 8 8 -0.887616
3 10 8 11 0.897482
3 10 9 2 0.116274
3 10 9 4 0.671969
3 10 9 5 0.737019
3 10 9 7 0.531616
3 10 9 8 -0.457223
3 10 9 9 0.415348
3 10 10 1 -0.975229
3 10 10 10 -0.900033
3 10 11 5 0.647133
3 10 11 8 -0.436542
3 10 11 9 0.950930
3 10 11 10 -0.600542
3 10 11 11 -0.345883
3 11 1 3 -0.426757
3 11 1 5 0.930731
3 11 2 4 0.641113
3 11 3 8 0.950466
3 11 4 4 -0.815686
3 11 4 7 -0.693676
3 11 4 8 -0.762257
3 11 5 2 0.146105
3 11 5 3 0.957100
3 11 5 5 0.056412
3 11 6 5 -0.964143
3 11 6 9 0.908848
3 11 6 10 0.608234
3 11 6 11 0.281281
3 11 7 2 -0.807492
3 11 7 5 -0.897110
3 11 7 10 -0.557175
3 11 8 1 -0.335797
3 11 8 9 0.348092
3 11 8 10 -0.194071
3 11 9 4 0.670369
3 11 9 8 0.571002
3 11 9 11 -0.163442
3 11 10 1 0.871476
3 11 10 5 0.841082
3 11 10 10 0.159093
3 11 10 11 0.773420
3 11 11 5 0.132286
3 11 11 6 0.046171
4 1 1 2 -0.872527
4 1 1 5 0.059404
4 1 1 6 0.018518
4 1 1 7 0.221316
4 1 1 8 0.421198
4 1 1 10 0.832004
4 1 2 1 0.149424
4 1 2 3 -0.606206
4 1 2 7 -0.872062
4 1 2 11 0.691222
4 1 3 4 -0.769162
4 1 4 8 0.194411
4 1 5 6 0.972564
4 1 6 6 -0.143223
4 1 7 1 0.848086
4 1 7 5 -0.745581
4 1 7 7 -0.857294
4 1 7 8 -0.160602
4 1 8 1 -0.497320
4 1 8 4 0.346980
4 1 8 6 0.282439
4 1 8 10 -0.095087
4 1 9 10 -0.114380
4 1 10 1 0.196274
4 1 10 2 -0.874652
4 1 10 3 -0.722549
4 1 10 7 0.878990
4 1 10 10 -0.061183
4 1 11 1 0.390292
4 2 2 5 0.987229
4 2 2 6 -0.480655
4 2 2 11 0.824163
4 2 3 1 0.232748
4 2 3 2 -0.847116
4 2 3 3 0.330148
4 2 3 4 -0.583501
4 2 3 5 0.557627
4 2 4 4 -0.514237
4 2 4 11 0.468387
4 2 5 2 -0.531761
4 2 5 5 0.835048
4 2 5 6 -0.430087
4 2 6 5 -0.311488
4 2 6 6 -0.159269
4 2 6 7 0.431777
4 2 6 10 -0.602464
4 2 6 11 -0.372189
4 2 8 2 -0.551879
4 2 8 4 -0.055546
4 2 8 11 -0.341847
4 2 9 3 0.974561
4 2 9 7 -0.699347
4 2 9 8 0.892272
4 2 10 6 0.975349
4 2 10 9 -0.272892
4 2 11 5 -0.863120
4 2 11 9 -0.638147
4 2 11 10 -0.616739
4 3 1 10 -0.832472
4 3 1 11 0.093856
4 3 2 2 -0.427685
4 3 2 6 0.516163
4 3 2 7 -0.200533
4 3 3 1 0.870679
4 3 3 4 0.596659
4 3 3 8 0.883061
4 3 3 11 -0.132563
4 3 4 1 -0.052737
4 3 4 4 -0.285051
4 3 5 2 0.250148
4 3 5 5 -0.723055
4 3 5 7 0.002353
4 3 5 8 0.661629
4 3 5 9 0.588972
4 3 5 10 -0.214663
4 3 6 2 0.297890
4 3 6 6 -0.315990
4 3 6 7 -0.021615
4 3 6 11 0.877126
4 3 7 1 0.027912
4 3 7 4 -0.242677
4 3 8 1 0.457340
4 3 8 3 -0.129563
4 3 8 7 0.398146
4 3 8 8 -0.312627
4 3 9 1 -0.568355
4 3 9 5 -0.786754
4 3 9 6 -0.820763
4 3 9 8 0.630842
4 3 11 6 -0.010359
4 4 1 3 0.293017
4 4 1 7 -0.997303
4 4 1 11 -0.947331
4 4 2 1 0.189407
4 4 2 2 -0.888823
4 4 2 3 -0.662540
4 4 2 6 -0.439791
4 4 2 11 -0.706777
4 4 3 5 -0.718809
4 4 3 10 -0.460657
4 4 4 5 -0.367703
4 4 5 4 -0.863428
4 4 5 8 -0.525995
4 4 6 1 -0.429770
4 4 6 2 0.720715
4 4 6 3 0.380919
4 4 6 5 -0.088420
4 4 6 9 0.656413
4 4 6 10 0.299383
4 4 7 5 -0.917159
4 4 7 6 0.349999
4 4 8 2 0.888744
4 4 8 3 -0.599336
4 4 8 10 0.556324
4 4 9 3 -0.645506
4 4 10 4 -0.400526
4 4 10 6 0.939458
4 4 10 8 -0.040499
4 4 10 10 -0.434712
4 4 11 6 0.650735
4 4 11 8 -0.314288
4 5 1 1 -0.164649
4 5 1 7 0.078553
4 5 2 1 -0.616480
4 5 2 2 0.179424
4 5 2 11 0.305124
4 5 3 1 -0.815291
4 5 3 2 0.917219
4 5 4 1 -0.382844
4 5 4 3 0.840405
4 5 4 9 0.578497
4 5 4 10 0.106869
4 5 5 3 -0.280962
4 5 5 6 0.822051
4 5 5 9 0.784650
4 5 5 11 -0.259583
4 5 6 4 0.712730
4 5 6 5 -0.688334
4 5 6 6 0.816105
4 5 6 7 -0.862621
4 5 6 10 0.948301
4 5 7 1 0.197083
4 5 7 9 0.356868
4 5 8 1 0.942980
4 5 8 2 0.434218
4 5 8 7 0.527948
4 5 8 9 -0.947193
4 5 9 1 -0.771071
4 5 10 5 0.502599
4 5 10 11 -0.001589
4 5 11 5 -0.376145
4 5 11 7 -0.588700
4 5 11 9 -0.820464
4 6 1 1 -0.309466
4 6 1 5 0.250811
4 6 1 8 0.645634
4 6 2 2 0.654649
4 6 2 3 0.471490
4 6 2 6 0.479476
4 6 2 8 0.087641
4 6 3 3 -0.290501
4 6 3 4 -0.141521
4 6 3 6 -0.186799
4 6 3 8 0.746056
4 6 3 9 0.579809
4 6 4 1 -0.325084
4 6 4 5 -0.817245
4 6 5 4 -0.053316
4 6 5 5 0.662928
4 6 5 6 0.706226
4 6 5 9 0.473871
4 6 6 9 0.122628
4 6 6 10 0.119128
4 6 7 1 0.280511
4 6 7 3 0.560220
4 6 7 4 -0.701512
4 6 7 5 -0.474696
4 6 7 7 -0.954933
4 6 7 11 0.564470
4 6 8 1 -0.155518
4 6 8 2 0.716721
4 6 8 8 0.511054
4 6 8 9 -0.206358
4 6 9 6 -0.606510
4 6 9 7 -0.298600
4 6 10 2 -0.535889
4 6 10 3 0.374046
4 6 11 1 -0.375006
4 6 11 10 -0.356196
4 7 1 1 -0.581752
4 7 1 8 -0.181449
4 7 2 6 0.304163
4 7 2 7 -0.416635
4 7 3 2 -0.895728
4 7 3 8 -0.218003
4 7 4 5 0.587545
4 7 4 6 -0.213647
4 7 5 5 -0.453135
4 7 5 10 -0.938323
4 7 6 1 0.386624
4 7 6 6 -0.004815
4 7 6 9 -0.726223
4 7 8 2 -0.333556
4 7 9 5 -0.342584
4 7 9 8 -0.619440
4 7 9 9 0.345762
4 7 10 3 0.369829
4 7 10 4 0.122317
4 7 11 4 -0.577124
4 7 11 6 0.561137
4 8 1 7 0.234986
4 8 2 2 0.081232
4 8 2 4 0.214370
4 8 3 1 0.669099
4 8 3 3 -0.525196
4 8 3 6 0.933872
4 8 4 2 -0.042388
4 8 4 6 -0.300625
4 8 5 1 0.177994
4 8 5 3 0.595495
4 8 5 4 -0.035143
4 8 5 8 0.788634
4 8 5 10 -0.146987
4 8 5 11 0.690917
4 8 6 4 0.742667
4 8 7 3 -0.895887
4 8 7 7 -0.435310
4 8 7 10 0.575983
4 8 8 1 0.707984
4 8 9 1 -0.887420
4 8 9 2 -0.546465
4 8 9 3 -0.206512
4 8 9 6 -0.010602
4 8 9 7 -0.723446
4 8 9 8 -0.728956
4 8 10 2 0.248222
4 8 10 5 -0.741444
4 8 10 7 0.326152
4 8 10 11 0.527946
4 8 11 3 -0.819924
4 8 11 4 0.206815
4 8 11 5 -0.834740
4 8 11 8 -0.793733
4 8 11 9 0.523468
4 8 11 10 -0.497055
4 9 1 1 -0.948774
4 9 1 3 -0.092434
4 9 1 7 -0.681115
4 9 2 2 0.484699
4 9 2 6 -0.784194
4 9 2 7 -0.198163
4 9 2 8 0.627172
4 9 3 2 -0.758350
4 9 3 3 -0.175135
4 9 3 5 0.058365
4 9 3 9 -0.537024
4 9 3 11 -0.791646
4 9 4 1 -0.157422
4 9 4 6 -0.932048
4 9 4 7 -0.347548
4 9 4 8 0.447502
4 9 5 6 -0.220768
4 9 5 10 0.575038
4 9 6 1 -0.409273
4 9 6 6 0.759692
4 9 6 10 0.426425
4 9 6 11 0.631460
4 9 7 1 0.585001
4 9 7 3 -0.547438
4 9 7 6 -0.739127
4 9 7 7 0.459125
4 9 7 9 0.355296
4 9 7 10 -0.286455
4 9 8 2 -0.572386
4 9 9 1 0.312115
4 9 9 2 -0.348175
4 9 9 6 0.302983
4 9 9 7 0.929574
4 9 9 8 0.173473
4 9 10 1 -0.896813
4 9 10 5 -0.429666
4 9 10 9 -0.158904
4 9 11 2 -0.542987
4 10 1 5 0.785809
4 10 1 8 -0.365505
4 10 1 11 0.283520
4 10 2 3 0.798941
4 10 2 4 -0.213167
4 10 2 7 -0.070594
4 10 2 8 0.916683
4 10 3 10 -0.727022
4 10 4 2 0.370492
4 10 4 3 0.007396
4 10 4 11 0.737435
4 10 5 8 -0.505844
4 10 6 5 -0.418627
4 10 6 7 -0.116111
4 10 7 3 -0.912089
4 10 7 6 0.185762
4 10 7 8 0.115749
4 10 7 9 0.777100
4 10 7 10 -0.122931
4 10 8 3 -0.696215
4 10 8 8 0.553459
4 10 9 4 -0.689611
4 10 9 6 0.830060
4 10 9 7 -0.278284
4 10 10 5 -0.617183
4 10 10 9 0.172533
4 10 11 3 0.678239
4 10 11 6 -0.487460
4 10 11 8 -0.856104
4 11 1 3 0.133488
4 11 1 5 -0.616396
4 11 1 9 -0.051014
4 11 2 1 -0.488692
4 11 2 2 -0.315056
4 11 2 7 -0.066650
4 11 2 11 0.414964
4 11 3 2 0.796856
4 11 3 11 -0.386012
4 11 4 1 0.372491
4 11 4 5 0.544526
4 11 4 9 0.654043
4 11 5 4 -0.769498
4 11 5 7 0.428589
4 11 5 10 0.352724
4 11 5 11 0.837028
4 11 6 2 -0.766158
4 11 6 11 -0.067967
4 11 7 4 -0.893435
4 11 7 6 -0.555856
4 11 7 7 0.294067
4 11 7 8 -0.018623
4 11 7 9 0.745163
4 11 8 1 -0.134717
4 11 8 9 -0.767710
4 11 9 7 0.857590
4 11 9 9 0.612691
4 11 11 2 0.435903
4 11 11 4 -0.711428
4 11 11 7 0.085602
4 11 11 10 -0.246077
5 1 1 2 -0.824350
5 1 1 4 -0.662984
5 1 2 6 -0.253125
5 1 2 8 -0.520720
5 1 3 6 -0.581987
5 1 3 7 -0.238396
5 1 3 8 0.547295
5 1 4 1 -0.256262
5 1 4 3 -0.368960
5 1 4 5 0.619476
5 1 4 7 -0.088306
5 1 4 9 -0.075595
5 1 4 10 -0.310128
5 1 5 2 -0.783085
5 1 5 9 -0.872786
5 1 6 3 -0.354222
5 1 6 7 -0.665174
5 1 6 11 0.341155
5 1 7 2 0.256206
5 1 7 3 -0.487167
5 1 7 7 -0.258632
5 1 7 8 0.316060
5 1 7 10 -0.929668
5 1 8 5 0.573352
5 1 9 2 -0.379426
5 1 9 4 0.345813
5 1 10 3 0.975125
5 1 10 7 -0.272910
5 1 11 1 0.793945
5 1 11 8 -0.702530
5 2 1 3 -0.746606
5 2 1 5 0.506939
5 2 2 3 0.269307
5 2 2 7 -0.389621
5 2 2 8 0.626564
5 2 2 9 -0.981019
5 2 2 11 0.231219
5 2 3 2 -0.117985
5 2 3 4 0.964622
5 2 3 7 0.424455
5 2 3 10 0.329845
5 2 4 1 -0.183445
5 2 4 4 -0.746826
5 2 4 6 -0.881064
5 2 5 8 -0.187144
5 2 5 9 0.895900
5 2 6 8 0.435739
5 2 7 1 -0.564575
5 2 7 4 0.943610
5 2 7 7 -0.409011
5 2 7 8 -0.065886
5 2 7 10 0.322660
5 2 7 11 -0.213038
5 2 8 1 0.848705
5 2 8 3 -0.175420
5 2 8 4 -0.325617
5 2 8 9 -0.375943
5 2 9 5 -0.559367
5 2 9 7 0.610792
5 2 9 10 -0.259366
5 2 10 2 0.938902
5 2 10 5 0.781907
5 2 10 7 0.534978
5 2 10 8 0.925685
5 2 10 11 0.187277
5 2 11 1 0.338676
5 2 11 8 0.831263
5 2 11 11 -0.968189
5 3 2 1 -0.225169
5 3 2 2 -0.192190
5 3 2 3 0.231589
5 3 2 6 0.723114
5 3 2 9 0.027199
5 3 3 5 -0.132902
5 3 4 1 0.038134
5 3 4 2 0.274363
5 3 4 4 -0.674120
5 3 5 11 -0.974463
5 3 6 1 0.337643
5 3 6 3 -0.650161
5 3 6 6 -0.641457
5 3 6 10 0.566730
5 3 7 1 -0.420291
5 3 7 2 -0.995695
5 3 7 8 0.001049
5 3 7 10 0.295436
5 3 8 2 0.754857
5 3 8 6 -0.458524
5 3 9 5 -0.719775
5 3 9 6 -0.140581
5 3 9 9 -0.609869
5 3 10 2 0.930884
5 3 10 6 -0.993051
5 3 11 4 0.954136
5 3 11 9 -0.195517
5 4 1 1 0.899688
5 4 1 3 -0.162914
5 4 1 5 0.710878
5 4 1 7 -0.609398
5 4 1 9 -0.945173
5 4 2 10 0.677465
5 4 3 3 -0.727516
5 4 3 4 -0.470794
5 4 3 8 -0.006508
5 4 4 7 0.798163
5 4 4 9 0.614183
5 4 5 9 -0.463549
5 4 6 5 -0.381457
5 4 6 10 -0.059598
5 4 6 11 -0.744275
5 4 7 1 -0.826566
5 4 7 3 -0.186046
5 4 7 4 0.580902
5 4 8 1 0.184196
5 4 8 4 0.155791
5 4 8 11 0.822173
5 4 9 1 -0.007887
5 4 10 2 -0.329573
5 4 10 5 -0.169683
5 4 10 7 0.391611
5 4 10 11 -0.501039
5 4 11 5 -0.943322
5 5 1 8 -0.047910
5 5 1 11 0.877071
5 5 2 3 0.047426
5 5 2 4 -0.212915
5 5 2 7 0.301099
5 5 2 9 0.473015
5 5 3 2 0.546319
5 5 3 5 -0.246899
5 5 3 6 -0.880304
5 5 3 8 -0.620318
5 5 3 9 0.541924
5 5 3 10 0.188312
5 5 4 1 -0.947284
5 5 4 10 -0.727376
5 5 4 11 0.973460
5 5 5 1 -0.433652
5 5 5 2 0.982546
5 5 5 4 0.299626
5 5 6 1 0.960376
5 5 6 11 0.323760
5 5 7 1 0.464359
5 5 7 2 -0.925947
5 5 7 3 -0.095256
5 5 8 2 0.387711
5 5 8 6 -0.385366
5 5 8 7 -0.676081
5 5 8 9 0.229238
5 5 9 2 -0.663285
5 5 10 2 0.480546
5 5 10 3 -0.454894
5 5 10 6 -0.445189
5 5 10 7 -0.922572
5 5 11 2 0.367357
5 5 11 6 0.765581
5 5 11 9 -0.681282
5 5 11 10 0.732761
5 5 11 11 0.487096
5 6 1 1 -0.102919
5 6 1 8 0.842578
5 6 3 1 -0.086248
5 6 3 3 -0.552929
5 6 3 4 -0.142811
5 6 3 6 0.513824
5 6 3 8 0.695988
5 6 4 3 -0.997964
5 6 4 10 -0.585504
5 6 5 10 -0.485154
5 6 6 6 -0.377341
5 6 6 10 -0.909583
5 6 8 1 0.399571
5 6 8 4 0.993303
5 6 8 5 0.971906
5 6 9 4 -0.226553
5 6 9 6 -0.144151
5 6 9 10 0.832089
5 6 10 2 0.690128
5 6 10 10 -0.626962
5 6 11 6 0.894517
5 6 11 8 0.612903
5 6 11 9 -0.302718
5 6 11 10 -0.795176
5 6 11 11 -0.570823
5 7 1 6 -0.844746
5 7 1 8 0.177833
5 7 1 11 0.683617
5 7 2 1 0.175452
5 7 2 3 -0.632953
5 7 2 5 -0.374744
5 7 2 6 -0.057071
5 7 2 8 -0.120430
5 7 2 9 0.101199
5 7 2 10 0.230439
5 7 3 10 0.353112
5 7 4 1 0.893027
5 7 4 2 0.160098
5 7 4 4 0.073784
5 7 4 9 -0.630658
5 7 4 10 0.122555
5 7 5 2 0.052073
5 7 5 8 -0.037430
5 7 5 11 0.166355
5 7 6 2 -0.705958
5 7 6 3 0.789376
5 7 6 4 -0.826489
5 7 6 9 -0.299462
5 7 7 4 -0.771590
5 7 7 7 0.148034
5 7 7 8 0.601281
5 7 7 9 -0.445367
5 7 8 8 0.015797
5 7 8 11 -0.731480
5 7 9 7 -0.725027
5 7 9 8 0.642337
5 7 9 10 -0.016295
5 7 10 8 -0.687582
5 7 11 2 -0.151747
5 7 11 3 0.529852
5 8 1 10 0.029927
5 8 2 5 -0.436759
5 8 2 8 -0.908283
5 8 2 11 0.701439
5 8 3 4 0.435946
5 8 3 5 0.929698
5 8 3 8 0.778333
5 8 4 5 0.020874
5 8 4 11 0.543687
5 8 5 1 -0.741475
5 8 5 10 0.542450
5 8 6 1 0.713129
5 8 6 2 -0.968999
5 8 7 3 -0.195212
5 8 7 6 0.234258
5 8 7 9 0.593817
5 8 8 2 0.560029
5 8 8 5 -0.470865
5 8 8 6 0.163518
5 8 8 7 -0.500655
5 8 8 9 0.134879
5 8 8 11 -0.716731
5 8 9 3 -0.207411
5 8 9 4 0.744190
5 8 10 4 0.186230
5 8 10 6 0.124396
5 8 11 5 0.171923
5 8 11 9 -0.141581
5 8 11 10 0.640341
5 9 1 2 -0.056288
5 9 1 4 -0.275432
5 9 1 6 -0.807845
5 9 1 8 -0.117428
5 9 1 11 0.184653
5 9 2 1 -0.252816
5 9 2 2 -0.147536
5 9 2 6 0.511519
5 9 2 7 -0.453491
5 9 2 9 -0.412981
5 9 2 10 0.952624
5 9 3 2 0.340529
5 9 3 5 -0.884316
5 9 3 11 -0.980933
5 9 4 1 0.726894
5 9 4 2 0.046194
5 9 4 7 0.841243
5 9 4 8 -0.985371
5 9 4 10 -0.053494
5 9 5 5 -0.153910
5 9 5 6 0.222130
5 9 5 10 -0.357206
5 9 6 3 0.553525
5 9 6 10 -0.425985
5 9 7 4 0.486536
5 9 7 5 0.947851
5 9 9 1 0.460407
5 9 9 4 0.903852
5 9 9 7 0.863523
5 9 10 2 -0.188939
5 9 10 6 0.568685
5 9 11 4 0.395001
5 9 11 6 0.476326
5 10 1 8 -0.701237
5 10 2 3 -0.865736
5 10 2 5 -0.894852
5 10 2 11 -0.122675
5 10 3 5 -0.136558
5 10 3 6 0.739644
5 10 3 11 0.263593
5 10 4 6 0.048627
5 10 5 3 0.322086
5 10 6 5 -0.878172
5 10 6 8 -0.284537
5 10 6 9 0.971127
5 10 6 10 0.010791
5 10 6 11 0.892522
5 10 7 2 -0.842264
5 10 7 6 -0.984705
5 10 7 8 -0.145185
5 10 7 11 -0.973679
5 10 8 3 -0.265885
5 10 8 6 -0.727321
5 10 8 8 0.254009
5 10 8 10 -0.314232
5 10 8 11 -0.728417
5 10 9 9 -0.440505
5 10 10 4 -0.353173
5 10 10 8 0.559893
5 10 11 1 -0.904428
5 10 11 4 -0.579741
5 10 11 6 0.127476
5 10 11 8 -0.579917
5 10 11 9 -0.234952
5 10 11 11 0.850372
5 11 1 5 -0.065531
5 11 1 11 -0.898997
5 11 2 4 0.446136
5 11 2 11 -0.889716
5 11 3 6 0.151126
5 11 3 7 -0.333172
5 11 3 10 -0.260402
5 11 3 11 -0.682410
5 11 5 1 0.836425
5 11 5 6 0.817162
5 11 5 8 0.780854
5 11 6 2 0.804742
5 11 7 1 -0.966291
5 11 7 3 -0.469199
5 11 7 8 -0.848065
5 11 7 9 -0.084431
5 11 7 10 -0.707177
5 11 9 1 -0.013068
5 11 9 5 0.217427
5 11 9 9 0.753395
5 11 10 6 0.509290
5 11 10 10 0.290010
5 11 11 7 0.775935
5 11 11 9 -0.395133
5 11 11 11 -0.968837
6 1 1 5 -0.395983
6 1 1 8 -0.161940
6 1 2 1 -0.340362
6 1 2 5 0.816818
6 1 2 6 0.076798
6 1 2 9 0.900132
6 1 2 10 -0.456588
6 1 2 11 -0.255045
6 1 3 4 0.896714
6 1 3 5 0.288380
6 1 3 10 0.214312
6 1 3 11 0.807759
6 1 4 6 -0.848847
6 1 4 8 -0.315938
6 1 4 10 -0.601628
6 1 4 11 -0.516559
6 1 6 3 -0.880336
6 1 6 8 0.445435
6 1 6 10 0.115253
6 1 7 2 -0.928719
6 1 7 5 0.299253
6 1 7 7 0.658611
6 1 8 5 0.218453
6 1 9 3 0.090535
6 1 9 4 0.719452
6 1 9 9 -0.121206
6 1 9 10 -0.056333
6 1 10 4 -0.320684
6 1 10 9 -0.360950
6 1 11 1 0.019071
6 1 11 3 -0.758221
6 1 11 9 -0.101533
6 1 11 11 0.496477
6 2 1 10 -0.425533
6 2 2 1 -0.177031
6 2 2 2 0.792793
6 2 2 3 -0.996244
6 2 2 8 -0.806992
6 2 2 9 0.911139
6 2 3 1 0.915865
6 2 3 4 0.306240
6 2 3 5 0.744548
6 2 3 6 0.660331
6 2 3 7 -0.631545
6 2 4 7 0.543721
6 2 4 8 0.024824
6 2 5 6 0.209963
6 2 5 9 0.983232
6 2 5 10 0.057591
6 2 6 1 0.341446
6 2 6 3 0.574985
6 2 6 6 0.566179
6 2 6 9 -0.922016
6 2 7 1 -0.090783
6 2 7 2 -0.517000
6 2 7 3 -0.187559
6 2 7 6 0.194903
6 2 7 8 -0.855749
6 2 7 9 0.146609
6 2 7 11 -0.861282
6 2 8 1 -0.034177
6 2 8 3 0.477480
6 2 8 6 0.612237
6 2 8 8 0.974812
6 2 8 9 -0.427550
6 2 9 4 -0.300878
6 2 9 9 0.823231
6 2 10 4 -0.777213
6 2 10 7 -0.876566
6 2 10 10 0.117947
6 2 11 4 0.680999
6 3 1 6 0.017590
6 3 1 7 0.046208
6 3 1 10 -0.133230
6 3 2 2 0.113248
6 3 2 3 0.005121
6 3 2 4 -0.138772
6 3 2 11 0.007796
6 3 3 5 0.595492
6 3 3 7 0.693879
6 3 3 9 0.471955
6 3 3 10 -0.392992
6 3 3 11 -0.010523
6 3 4 5 -0.855164
6 3 4 8 0.293154
6 3 4 9 0.607584
6 3 5 2 -0.185835
6 3 5 4 0.413824
6 3 5 5 0.857151
6 3 5 6 -0.040259
6 3 6 9 0.264709
6 3 6 10 0.140515
6 3 7 1 0.701624
6 3 7 4 0.581605
6 3 7 5 0.176748
6 3 8 4 0.240268
6 3 8 7 0.035375
6 3 9 1 0.766804
6 3 9 3 -0.077141
6 3 9 10 0.100904
6 3 11 5 -0.125758
6 3 11 6 0.916662
6 3 11 8 0.851543
6 3 11 10 0.706062
6 3 11 11 0.799624
6 4 1 1 0.858970
6 4 1 4 -0.043179
6 4 1 8 0.329548
6 4 1 10 -0.928620
6 4 1 11 0.598354
6 4 2 4 -0.119709
6 4 2 7 -0.384302
6 4 3 5 0.526276
6 4 3 8 -0.651218
6 4 3 10 0.865419
6 4 4 2 0.281152
6 4 4 4 0.458166
6 4 4 7 -0.395092
6 4 4 9 0.534071
6 4 5 3 0.510698
6 4 5 6 -0.078299
6 4 5 9 -0.008695
6 4 6 1 0.776615
6 4 6 2 0.099491
6 4 6 8 -0.810799
6 4 6 9 0.986614
6 4 6 10 0.429873
6 4 6 11 0.749488
6 4 7 5 -0.177962
6 4 7 7 0.712290
6 4 7 10 -0.556020
6 4 8 8 0.525243
6 4 8 9 0.543094
6 4 9 2 -0.943983
6 4 9 4 -0.970706
6 4 9 6 0.473788
6 4 9 8 -0.019523
6 4 10 9 0.682983
6 4 10 11 -0.254334
6 4 11 1 -0.939547
6 4 11 9 0.032719
6 4 11 10 -0.254204
6 5 1 6 0.692903
6 5 1 8 -0.564079
6 5 2 2 -0.805881
6 5 2 5 -0.360222
6 5 3 7 0.821545
6 5 4 1 0.223712
6 5 4 3 0.051286
6 5 4 9 0.315756
6 5 4 11 0.359742
6 5 5 5 -0.035222
6 5 6 3 0.980987
6 5 6 8 0.350555
6 5 6 9 0.784349
6 5 7 1 0.737002
6 5 7 3 0.712351
6 5 7 8 -0.843681
6 5 8 1 -0.506054
6 5 8 2 -0.383443
6 5 8 5 0.096880
6 5 8 6 -0.117780
6 5 8 9 0.121609
6 5 9 5 0.762463
6 5 10 1 0.061250
6 5 10 7 0.077996
6 5 10 8 0.558892
6 5 10 9 0.287944
6 5 10 10 -0.800543
6 5 10 11 0.425134
6 5 11 1 -0.131342
6 5 11 3 -0.761806
6 5 11 10 -0.681447
6 6 1 9 0.121472
6 6 1 11 0.746051
6 6 2 3 -0.373138
6 6 2 4 0.094543
6 6 2 6 0.806891
6 6 2 8 -0.938490
6 6 3 2 -0.968552
6 6 3 4 -0.681988
6 6 3 5 0.279645
6 6 4 4 -0.434071
6 6 4 8 -0.937418
6 6 4 11 -0.953609
6 6 5 2 -0.620817
6 6 5 7 0.936125
6 6 6 9 0.780919
6 6 7 4 0.039715
6 6 7 8 -0.225990
6 6 8 10 -0.788696
6 6 8 11 0.456837
6 6 9 2 0.596209
6 6 9 6 -0.301096
6 6 9 11 0.383640
6 6 10 1 0.407525
6 6 10 7 0.477536
6 6 10 8 0.298830
6 6 11 1 -0.661577
6 7 1 1 -0.963442
6 7 1 10 -0.291639
6 7 2 4 0.582404
6 7 2 7 0.428129
6 7 2 8 0.781758
6 7 3 2 0.567582
6 7 3 8 -0.277939
6 7 4 1 -0.986695
6 7 4 6 -0.448280
6 7 5 2 -0.000180
6 7 5 3 -0.526670
6 7 5 4 0.843753
6 7 5 7 0.349924
6 7 5 11 -0.891241
6 7 6 1 -0.739120
6 7 6 4 -0.493793
6 7 6 5 0.617384
6 7 6 6 0.753266
6 7 6 8 0.496594
6 7 7 4 0.419446
6 7 7 10 -0.279171
6 7 8 5 0.210802
6 7 8 9 -0.427279
6 7 8 11 -0.731833
6 7 9 10 -0.332527
6 7 10 4 0.157372
6 7 10 9 0.008969
6 7 11 5 0.701625
6 7 11 7 -0.370884
6 8 1 2 -0.063559
6 8 1 5 0.641207
6 8 2 10 0.580453
6 8 2 11 -0.067815
6 8 3 3 0.972620
6 8 3 5 0.918576
6 8 3 10 0.281615
6 8 4 1 -0.033855
6 8 4 5 -0.953368
6 8 4 11 -0.463335
6 8 5 3 -0.839681
6 8 5 7 0.317898
6 8 5 8 0.736505
6 8 7 5 0.833160
6 8 7 11 -0.369516
6 8 8 2 -0.491207
6 8 8 6 -0.497321
6 8 8 11 0.717083
6 8 9 5 -0.643891
6 8 9 8 -0.095457
6 8 10 7 -0.000662
6 8 10 11 -0.741225
6 8 11 4 -0.716044
6 9 1 1 0.383691
6 9 1 4 0.667076
6 9 1 6 -0.122032
6 9 1 11 0.555858
6 9 2 4 0.818991
6 9 2 6 0.545356
6 9 2 7 -0.622520
6 9 2 8 -0.345776
6 9 2 11 0.157499
6 9 3 2 -0.833114
6 9 3 7 0.183240
6 9 4 1 0.031566
6 9 4 3 -0.151809
6 9 4 10 0.231527
6 9 5 1 0.825838
6 9 5 2 -0.798550
6 9 5 3 -0.307204
6 9 5 8 0.788813
6 9 5 9 0.032455
6 9 6 7 -0.676938
6 9 7 1 -0.797722
6 9 7 6 0.815680
6 9 7 7 0.591536
6 9 7 8 0.328028
6 9 8 4 -0.210550
6 9 9 7 -0.698366
6 9 9 9 0.658349
6 9 10 2 -0.704952
6 9 10 5 -0.116330
6 9 10 9 0.388118
6 9 10 11 -0.333829
6 9 11 3 0.268767
6 9 11 4 0.526212
6 9 11 8 -0.091323
6 10 1 4 -0.908863
6 10 1 9 -0.126038
6 10 1 10 0.698682
6 10 2 2 -0.976067
6 10 2 3 -0.780372
6 10 2 4 0.147684
6 10 2 7 -0.268396
6 10 2 9 -0.897967
6 10 2 11 0.152213
6 10 3 1 0.253138
6 10 3 9 0.462359
6 10 5 2 -0.942809
6 10 5 11 0.948114
6 10 6 2 0.081835
6 10 6 5 0.344846
6 10 6 9 -0.507625
6 10 7 3 0.253160
6 10 7 4 -0.312184
6 10 7 5 0.614151
6 10 7 9 0.534374
6 10 8 5 0.630275
6 10 8 7 -0.674566
6 10 8 9 0.506670
6 10 8 10 -0.491292
6 10 9 3 -0.182495
6 10 9 7 -0.557101
6 10 10 3 0.333688
6 10 10 7 0.658441
6 10 10 11 0.714805
6 10 11 6 -0.718897
6 10 11 11 0.025429
6 11 1 11 -0.842980
6 11 2 1 0.373227
6 11 2 3 0.790541
6 11 3 4 -0.344529
6 11 4 7 0.912033
6 11 4 10 -0.208106
6 11 5 2 -0.382141
6 11 5 9 0.239938
6 11 6 2 -0.061874
6 11 6 3 0.607276
6 11 6 6 -0.279015
6 11 6 7 0.425674
6 11 6 9 -0.769508
6 11 6 10 -0.634629
6 11 7 1 0.977726
6 11 7 4 -0.532378
6 11 7 6 0.880505
6 11 7 11 -0.051545
6 11 8 1 0.352554
6 11 9 3 -0.926560
6 11 9 4 0.249711
6 11 9 7 0.840098
6 11 9 9 -0.026564
6 11 10 7 -0.637657
6 11 10 8 -0.694281
6 11 10 11 0.672930
6 11 11 2 0.708993
6 11 11 4 0.074510
6 11 11 5 0.055638
6 11 11 6 -0.054231
6 11 11 9 -0.839331
6 11 11 11 0.657342
7 1 1 1 0.759319
7 1 1 2 -0.966206
7 1 2 11 0.118705
7 1 3 5 -0.649787
7 1 3 11 -0.195814
7 1 4 2 0.587914
7 1 4 10 0.232771
7 1 4 11 0.975458
7 1 6 7 -0.352895
7 1 7 6 -0.438974
7 1 8 6 -0.654059
7 1 8 7 0.127276
7 1 9 4 -0.392993
7 1 10 3 -0.174198
7 1 10 5 0.604017
7 1 10 6 -0.473840
7 1 10 8 0.466393
7 1 11 3 0.675651
7 1 11 11 0.719203
7 2 1 2 -0.945447
7 2 1 7 0.790175
7 2 2 6 -0.984367
7 2 2 7 0.444596
7 2 2 9 -0.118678
7 2 3 4 -0.061708
7 2 3 8 -0.091064
7 2 4 3 -0.027743
7 2 4 10 0.561409
7 2 5 6 0.388185
7 2 5 11 -0.184361
7 2 6 7 -0.208586
7 2 6 10 0.032064
7 2 6 11 -0.846140
7 2 7 1 -0.004890
7 2 7 7 -0.160607
7 2 7 8 0.820553
7 2 7 9 -0.622812
7 2 7 11 -0.412423
7 2 8 1 0.349454
7 2 8 2 0.358226
7 2 8 5 -0.995532
7 2 8 9 -0.964231
7 2 8 10 -0.920461
7 2 8 11 0.962607
7 2 9 2 0.893665
7 2 9 3 -0.026555
7 2 9 6 -0.755279
7 2 9 8 0.856287
7 2 9 9 -0.778782
7 2 10 6 0.724489
7 2 11 9 -0.073490
7 3 1 2 -0.066373
7 3 1 9 -0.361814
7 3 1 10 -0.906179
7 3 2 1 0.054294
7 3 2 6 -0.242972
7 3 2 8 -0.249092
7 3 2 9 -0.242977
7 3 2 10 -0.546192
7 3 3 1 -0.378928
7 3 3 4 0.449503
7 3 3 10 -0.859044
7 3 4 1 -0.387613
7 3 4 3 -0.402690
7 3 5 7 -0.403652
7 3 5 10 0.139010
7 3 6 1 -0.871999
7 3 6 4 0.082004
7 3 6 6 -0.903370
7 3 6 9 0.109552
7 3 7 5 0.548467
7 3 7 8 0.347668
7 3 7 11 0.212909
7 3 8 3 0.783973
7 3 8 5 0.552448
7 3 8 6 0.492804
7 3 8 9 -0.828290
7 3 8 10 0.470224
7 3 8 11 -0.635837
7 3 9 2 -0.355662
7 3 9 8 -0.981478
7 3 10 4 -0.265366
7 3 10 7 0.067323
7 3 11 5 0.308734
7 4 1 6 -0.108536
7 4 1 8 -0.110670
7 4 1 9 -0.334528
7 4 2 1 0.166610
7 4 2 8 -0.049873
7 4 3 3 -0.169895
7 4 3 10 0.651497
7 4 4 1 0.460878
7 4 4 4 0.373832
7 4 4 8 0.461004
7 4 5 5 -0.045712
7 4 5 10 0.485648
7 4 6 1 -0.042880
7 4 6 2 -0.596988
7 4 6 9 -0.039533
7 4 7 10 0.869334
7 4 8 3 -0.732695
7 4 8 4 -0.040346
7 4 8 9 -0.521327
7 4 8 10 -0.865619
7 4 10 5 -0.492195
7 4 10 6 0.306480
7 4 10 9 -0.286259
7 4 10 10 -0.949557
7 4 11 5 0.669302
7 5 1 1 0.215472
7 5 1 8 -0.706517
7 5 2 2 0.215125
7 5 2 3 0.743131
7 5 2 4 -0.578915
7 5 2 11 0.412838
7 5 3 10 -0.145730
7 5 5 1 -0.648091
7 5 5 7 0.781023
7 5 5 8 -0.023712
7 5 5 11 -0.024588
7 5 6 2 0.498555
7 5 6 5 0.400847
7 5 6 7 -0.820841
7 5 7 4 -0.886141
7 5 8 2 -0.704731
7 5 8 4 0.968801
7 5 8 5 -0.192881
7 5 8 6 0.245819
7 5 9 4 0.972544
7 5 9 5 0.331957
7 5 9 10 -0.178684
7 5 10 8 -0.215874
7 5 11 7 0.913549
7 6 1 6 -0.857952
7 6 2 5 -0.175221
7 6 2 7 -0.459614
7 6 2 10 -0.939873
7 6 2 11 0.264505
7 6 3 9 -0.822925
7 6 3 11 0.154274
7 6 4 1 -0.881835
7 6 4 5 0.156016
7 6 4 7 0.180659
7 6 5 1 0.494902
7 6 5 3 -0.274332
7 6 5 6 0.831819
7 6 5 9 0.074734
7 6 6 1 0.143839
7 6 6 3 0.455643
7 6 6 4 -0.674859
7 6 6 8 -0.010688
7 6 7 2 0.728932
7 6 8 1 -0.023203
7 6 8 2 -0.448664
7 6 9 10 0.531194
7 6 10 2 -0.780479
7 6 10 7 0.167072
7 6 10 9 -0.999551
7 6 11 6 -0.956377
7 6 11 10 -0.371472
7 7 1 4 -0.861708
7 7 1 9 0.013116
7 7 1 11 0.184203
7 7 2 1 -0.314038
7 7 2 4 0.124127
7 7 2 7 0.315640
7 7 2 9 0.142736
7 7 2 10 -0.318056
7 7 3 3 0.699636
7 7 3 11 0.679049
7 7 4 4 0.520453
7 7 4 7 -0.292719
7 7 5 5 0.241371
7 7 5 6 0.384668
7 7 5 10 -0.269946
7 7 5 11 0.234509
7 7 6 2 0.112058
7 7 6 5 0.003536
7 7 7 1 0.074516
7 7 7 4 0.509788
7 7 7 10 -0.231972
7 7 7 11 0.516947
7 7 8 1 0.672951
7 7 8 3 -0.917199
7 7 8 8 -0.235121
7 7 8 9 -0.488891
7 7 8 10 0.064002
7 7 9 1 0.961192
7 7 9 2 0.304293
7 7 9 5 0.086936
7 7 9 9 0.117653
7 7 10 1 -0.489438
7 7 10 8 -0.256204
7 7 11 1 0.258247
7 7 11 2 -0.350219
7 8 1 4 -0.882781
7 8 1 6 0.798898
7 8 1 7 0.825251
7 8 2 2 -0.490292
7 8 2 5 -0.658166
7 8 2 7 0.889673
7 8 2 9 -0.655652
7 8 3 3 0.578440
7 8 3 4 -0.087668
7 8 3 6 -0.351463
7 8 3 11 -0.078540
7 8 4 5 0.223115
7 8 4 7 0.986700
7 8 5 5 0.043830
7 8 6 1 -0.422643
7 8 6 4 0.100383
7 8 7 4 0.689802
7 8 7 7 -0.633482
7 8 7 11 -0.171584
7 8 8 5 0.445322
7 8 8 9 -0.033947
7 8 9 5 -0.436308
7 8 9 9 0.834870
7 8 9 11 -0.398231
7 8 10 3 -0.135444
7 8 10 5 0.562549
7 8 10 7 -0.570643
7 8 10 8 0.150717
7 8 10 9 -0.629871
7 8 10 11 0.874771
7 8 11 1 0.936419
7 8 11 2 -0.729864
7 8 11 8 0.342008
7 8 11 10 0.463203
7 8 11 11 0.466725
7 9 1 2 -0.755866
7 9 2 4 -0.885439
7 9 2 9 0.376250
7 9 2 10 0.760572
7 9 2 11 -0.304649
7 9 3 5 -0.501969
7 9 3 6 0.166878
7 9 3 11 -0.369258
7 9 5 1 0.381908
7 9 6 3 0.354635
7 9 6 6 0.779148
7 9 7 3 -0.966111
7 9 7 7 0.498316
7 9 7 10 -0.665984
7 9 8 6 -0.191258
7 9 8 7 0.371928
7 9 8 10 0.021767
7 9 8 11 0.936851
7 9 9 1 0.959856
7 9 9 2 0.319492
7 9 9 6 -0.062874
7 9 10 1 0.038069
7 9 10 2 -0.657803
7 9 10 3 -0.606621
7 9 10 7 -0.222146
7 9 10 8 0.192973
7 9 10 11 -0.824151
7 9 11 2 0.318463
7 9 11 5 -0.051198
7 9 11 10 -0.223965
7 10 1 2 0.554291
7 10 1 7 0.118408
7 10 1 9 -0.253283
7 10 2 1 -0.336932
7 10 2 2 -0.655079
7 10 2 8 -0.137018
7 10 3 7 -0.687393
7 10 3 9 0.668816
7 10 4 6 0.639001
7 10 4 11 0.113636
7 10 5 9 -0.500510
7 10 6 6 -0.671354
7 10 6 9 0.895960
7 10 7 6 0.618978
7 10 7 11 -0.110040
7 10 8 3 0.779423
7 10 8 4 0.836890
7 10 8 6 -0.899713
7 10 8 8 0.030760
7 10 9 6 -0.919037
7 10 9 11 -0.124575
7 10 11 5 0.147044
7 10 11 8 -0.327084
7 11 1 10 0.899086
7 11 2 2 -0.704033
7 11 2 7 -0.346797
7 11 2 10 -0.981726
7 11 2 11 -0.622695
7 11 3 2 0.235359
7 11 3 4 0.443489
7 11 3 6 0.869830
7 11 4 1 0.621147
7 11 4 2 -0.788863
7 11 4 7 0.964149
7 11 4 10 -0.764873
7 11 5 1 -0.261126
7 11 5 5 -0.670606
7 11 5 6 0.959414
7 11 5 8 -0.560408
7 11 5 9 0.941098
7 11 6 4 0.934596
7 11 6 7 -0.257477
7 11 6 9 -0.795560
7 11 7 4 -0.752103
7 11 7 5 -0.533419
7 11 7 6 0.382178
7 11 8 5 -0.422732
7 11 8 6 0.993938
7 11 8 7 -0.870889
7 11 9 2 -0.204534
7 11 9 6 0.985859
7 11 9 7 -0.358690
7 11 10 2 0.611890
7 11 10 5 -0.954817
7 11 10 9 -0.162992
7 11 11 2 0.166087
7 11 11 6 -0.103785
7 11 11 9 -0.953759
8 1 1 3 -0.152879
8 1 1 4 -0.567768
8 1 1 5 0.619439
8 1 1 6 0.933425
8 1 2 3 -0.877936
8 1 2 7 0.758733
8 1 3 2 0.314333
8 1 4 2 0.948755
8 1 4 4 -0.641628
8 1 4 7 -0.464921
8 1 4 9 -0.555096
8 1 5 7 0.486306
8 1 5 8 -0.766055
8 1 5 10 -0.130426
8 1 6 3 0.355491
8 1 6 6 -0.939597
8 1 6 7 0.459655
8 1 6 9 0.894365
8 1 7 1 -0.810318
8 1 7 11 -0.034655
8 1 8 3 0.126211
8 1 8 7 0.451311
8 1 8 10 -0.257190
8 1 9 3 -0.044032
8 1 9 10 0.493678
8 1 10 3 0.370176
8 1 10 9 0.355180
8 1 10 10 -0.828808
8 1 11 2 -0.791535
8 1 11 5 -0.987685
8 1 11 9 -0.097709
8 1 11 10 -0.102232
8 2 1 1 0.213802
8 2 1 4 0.149887
8 2 2 5 0.146895
8 2 2 11 -0.900486
8 2 3 10 -0.862188
8 2 4 1 0.775210
8 2 4 3 -0.842915
8 2 5 1 -0.664046
8 2 5 9 0.821254
8 2 5 10 -0.218374
8 2 6 6 -0.610828
8 2 6 7 0.982304
8 2 6 11 0.508763
8 2 7 1 -0.028637
8 2 7 7 -0.098082
8 2 7 9 0.253246
8 2 8 9 0.494684
8 2 8 10 -0.086525
8 2 9 3 -0.917473
8 2 9 8 0.356761
8 2 9 9 -0.866071
8 2 10 2 0.128202
8 2 10 3 0.116392
8 2 10 6 0.985782
8 2 11 2 0.406737
8 2 11 3 0.664298
8 2 11 11 -0.011507
8 3 1 7 -0.242332
8 3 2 1 -0.865549
8 3 2 7 0.041859
8 3 2 8 0.872721
8 3 2 10 -0.991711
8 3 2 11 -0.697402
8 3 3 7 -0.639569
8 3 4 6 -0.186419
8 3 4 7 0.121469
8 3 4 8 0.538271
8 3 4 9 0.274981
8 3 4 11 -0.505997
8 3 5 1 -0.425668
8 3 5 7 0.670891
8 3 5 8 0.382075
8 3 6 7 -0.419206
8 3 6 8 -0.707408
8 3 6 10 0.367475
8 3 7 2 0.225702
8 3 7 9 0.171127
8 3 8 2 -0.147939
8 3 8 8 -0.175580
8 3 8 10 0.163941
8 3 9 4 0.281391
8 3 9 5 0.109959
8 3 9 6 0.863047
8 3 10 1 -0.004579
8 3 10 3 -0.401933
8 3 10 7 0.713976
8 3 10 8 -0.347427
8 3 11 2 -0.269354
8 3 11 5 0.180752
8 3 11 7 -0.224519
8 3 11 9 -0.214727
8 4 1 1 0.512265
8 4 1 2 -0.755705
8 4 1 3 -0.484412
8 4 1 6 -0.154634
8 4 2 5 -0.479962
8 4 3 11 0.868894
8 4 4 3 0.932606
8 4 4 4 0.962876
8 4 4 5 0.439254
8 4 4 8 -0.261687
8 4 5 1 0.576830
8 4 5 3 -0.504012
8 4 5 7 0.563100
8 4 5 8 -0.612048
8 4 5 10 0.768632
8 4 6 2 0.012438
8 4 6 4 -0.399906
8 4 6 5 -0.431600
8 4 6 7 -0.043259
8 4 6 8 0.538187
8 4 7 7 0.281610
8 4 7 8 -0.427986
8 4 7 9 -0.178780
8 4 7 11 0.272392
8 4 8 1 0.105065
8 4 8 10 0.194907
8 4 9 1 0.903732
8 4 9 3 0.323201
8 4 9 5 0.049369
8 4 9 7 0.667780
8 4 9 9 -0.395721
8 4 9 10 0.453118
8 4 10 1 0.970966
8 4 10 2 -0.925635
8 4 10 5 0.206874
8 4 11 1 0.008327
8 4 11 2 0.602348
8 4 11 4 0.932547
8 4 11 10 -0.324919
8 5 1 7 0.195559
8 5 3 1 -0.950869
8 5 3 2 -0.716226
8 5 3 5 0.239223
8 5 3 9 0.022627
8 5 3 10 -0.702163
8 5 4 1 -0.312547
8 5 4 2 0.992476
8 5 4 10 0.108596
8 5 6 6 0.318333
8 5 6 8 -0.616840
8 5 7 1 0.789455
8 5 7 10 -0.339076
8 5 8 2 -0.139448
8 5 8 10 -0.172750
8 5 8 11 -0.297308
8 5 9 2 -0.752706
8 5 9 3 -0.579638
8 5 9 5 -0.562556
8 5 9 8 0.383602
8 5 9 10 -0.780638
8 5 9 11 -0.470799
8 5 10 2 0.339794
8 5 10 3 0.034919
8 5 10 7 -0.728735
8 5 10 9 0.693191
8 5 10 11 0.543428
8 5 11 7 0.408929
8 6 1 3 -0.427490
8 6 1 4 0.396945
8 6 1 5 0.859024
8 6 1 10 -0.954704
8 6 2 3 0.204562
8 6 2 8 0.451613
8 6 3 5 -0.997327
8 6 3 9 -0.753452
8 6 3 10 -0.314302
8 6 4 5 -0.654515
8 6 4 7 -0.784251
8 6 4 10 0.076124
8 6 5 1 0.763010
8 6 5 2 -0.077934
8 6 6 10 -0.828964
8 6 7 6 -0.163536
8 6 8 3 -0.876844
8 6 8 4 -0.791301
8 6 8 10 -0.941164
8 6 9 1 -0.008646
8 6 9 7 -0.976240
8 6 9 8 -0.823004
8 6 9 10 -0.004129
8 6 10 4 0.956184
8 6 10 10 0.416432
8 6 10 11 -0.609175
8 6 11 1 0.615678
8 6 11 2 -0.535173
8 6 11 3 0.617383
8 7 1 1 -0.601848
8 7 1 2 0.741663
8 7 1 3 -0.794172
8 7 1 11 0.791504
8 7 2 3 0.752265
8 7 2 4 0.203770
8 7 2 7 -0.923055
8 7 3 2 0.179902
8 7 3 3 -0.018890
8 7 3 4 0.237229
8 7 3 9 0.080654
8 7 3 10 0.361277
8 7 3 11 0.704788
8 7 4 1 -0.466250
8 7 4 9 0.395355
8 7 5 3 -0.656237
8 7 5 10 -0.308034
8 7 5 11 -0.207810
8 7 6 4 -0.268880
8 7 6 8 -0.548958
8 7 6 9 0.032745
8 7 6 11 0.375367
8 7 7 8 -0.144138
8 7 7 10 0.115026
8 7 8 2 0.807160
8 7 8 3 0.519457
8 7 8 4 -0.718052
8 7 8 6 -0.304750
8 7 9 2 0.840300
8 7 9 4 0.681665
8 7 9 9 0.765354
8 7 9 11 0.829522
8 7 10 1 -0.209505
8 7 10 8 0.854569
8 7 10 9 0.684050
8 7 10 11 -0.951437
8 7 11 4 -0.880030
8 7 11 7 0.505842
8 7 11 10 0.815177
8 7 11 11 0.734695
8 8 1 5 0.642136
8 8 1 10 -0.368701
8 8 1 11 0.525783
8 8 2 3 0.944669
8 8 2 5 -0.467813
8 8 3 2 -0.781227
8 8 3 7 0.755796
8 8 5 6 -0.006761
8 8 5 11 0.114543
8 8 6 1 0.772684
8 8 6 3 -0.067268
8 8 6 8 0.677192
8 8 7 6 0.547521
8 8 7 9 -0.726627
8 8 8 4 0.903307
8 8 8 5 0.880276
8 8 8 6 -0.236256
8 8 8 9 -0.502913
8 8 8 11 0.314006
8 8 9 1 -0.381841
8 8 9 2 -0.227783
8 8 9 3 -0.286628
8 8 9 7 0.447639
8 8 10 3 -0.029330
8 8 10 6 -0.621582
8 8 10 8 0.171333
8 8 10 10 0.845606
8 8 11 4 -0.898377
8 8 11 10 0.751104
8 8 11 11 -0.340815
8 9 1 6 0.335416
8 9 1 11 0.347072
8 9 2 1 -0.852656
8 9 2 3 0.889679
8 9 2 4 0.884537
8 9 2 5 0.396572
8 9 2 6 0.450725
8 9 2 8 -0.526906
8 9 3 6 -0.225973
8 9 3 7 -0.110181
8 9 3 10 -0.192496
8 9 4 1 -0.217539
8 9 4 2 -0.197030
8 9 4 3 0.557252
8 9 4 7 0.601140
8 9 4 9 -0.355362
8 9 4 10 0.552056
8 9 5 1 0.377210
8 9 5 6 0.873213
8 9 6 6 -0.872396
8 9 7 6 0.534722
8 9 7 11 -0.640320
8 9 8 5 0.169931
8 9 8 11 -0.506707
8 9 9 2 -0.644257
8 9 9 9 -0.216945
8 9 10 2 -0.668394
8 9 10 8 -0.902063
8 9 10 10 0.630627
8 9 11 7 -0.160456
8 9 11 11 -0.916144
8 10 1 3 0.199661
8 10 1 4 0.181325
8 10 1 6 0.622742
8 10 1 7 -0.183956
8 10 1 8 0.473882
8 10 1 9 0.147686
8 10 2 2 -0.278024
8 10 2 4 0.264322
8 10 2 7 0.788438
8 10 2 9 0.415713
8 10 3 8 -0.864625
8 10 3 9 0.082439
8 10 3 10 -0.538850
8 10 4 2 -0.486360
8 10 4 3 0.192129
8 10 5 8 0.668186
8 10 5 9 0.345244
8 10 6 4 -0.135535
8 10 6 7 -0.057902
8 10 6 9 0.362441
8 10 7 1 -0.436275
8 10 7 6 0.180047
8 10 7 10 0.023363
8 10 9 3 -0.204227
8 10 9 5 -0.822541
8 10 9 6 0.645921
8 10 9 7 0.004349
8 10 9 8 0.089302
8 10 9 9 -0.759145
8 10 9 10 -0.094665
8 10 9 11 0.608080
8 10 10 1 0.538840
8 10 10 4 0.779785
8 10 10 5 -0.345264
8 10 10 11 -0.085664
8 10 11 4 -0.366052
8 11 1 2 0.274052
8 11 1 6 0.247659
8 11 1 10 0.695361
8 11 2 2 -0.735921
8 11 2 6 0.707408
8 11 2 8 0.820411
8 11 2 11 0.551671
8 11 3 2 -0.993553
8 11 4 3 -0.774116
8 11 5 1 0.346187
8 11 5 3 0.366347
8 11 5 5 -0.542456
8 11 5 9 0.000110
8 11 5 11 -0.167836
8 11 7 6 0.252808
8 11 7 11 0.474362
8 11 8 1 -0.198647
8 11 8 10 -0.561695
8 11 9 1 0.176316
8 11 9 3 0.408274
8 11 9 4 -0.495605
8 11 9 5 -0.868110
8 11 9 9 -0.870298
8 11 10 4 0.145442
8 11 10 5 0.649628
8 11 10 9 0.768903
8 11 11 1 -0.099629
8 11 11 2 -0.459115
8 11 11 10 0.931868
8 11 11 11 0.452928
9 1 1 4 0.334812
9 1 2 8 0.257292
9 1 2 9 -0.188475
9 1 3 5 -0.087503
9 1 3 10 -0.461015
9 1 3 11 0.408652
9 1 4 10 0.755670
9 1 5 1 0.509274
9 1 5 3 -0.902108
9 1 6 4 0.587152
9 1 6 7 -0.584865
9 1 6 10 -0.635653
9 1 6 11 0.422853
9 1 7 1 0.622333
9 1 7 11 0.536994
9 1 8 5 0.372029
9 1 8 9 0.194297
9 1 9 4 -0.591560
9 1 9 7 -0.229089
9 1 10 2 -0.240896
9 1 10 8 -0.957105
9 1 10 10 -0.475362
9 1 10 11 0.248848
9 1 11 7 -0.746720
9 1 11 11 0.712098
9 2 1 3 -0.052504
9 2 2 4 -0.142640
9 2 3 2 -0.427089
9 2 3 3 -0.443588
9 2 3 4 -0.880101
9 2 3 5 -0.444818
9 2 3 7 0.703331
9 2 3 9 -0.799561
9 2 4 1 -0.349899
9 2 4 2 -0.440335
9 2 4 6 -0.849913
9 2 5 3 -0.968893
9 2 5 4 0.453408
9 2 5 6 0.888194
9 2 5 11 -0.981357
9 2 6 2 -0.548853
9 2 6 10 0.629930
9 2 7 8 -0.613424
9 2 8 4 0.487811
9 2 8 6 -0.355299
9 2 8 10 0.056600
9 2 9 5 0.179940
9 2 9 7 0.541076
9 2 9 10 0.728167
9 2 9 11 -0.971900
9 2 10 1 -0.433290
9 2 10 10 0.330817
9 2 11 11 0.756754
9 3 1 7 -0.568849
9 3 2 10 -0.597997
9 3 3 2 0.998096
9 3 3 7 0.367092
9 3 3 8 -0.887000
9 3 4 1 -0.707582
9 3 4 10 -0.240186
9 3 5 1 -0.830415
9 3 5 4 -0.098413
9 3 5 9 0.847842
9 3 5 11 0.719740
9 3 6 2 -0.173950
9 3 6 6 -0.735923
9 3 7 10 -0.932328
9 3 9 5 0.824754
9 3 10 5 -0.989840
9 3 11 2 0.574102
9 3 11 6 0.017239
9 4 1 1 -0.143017
9 4 1 8 -0.016954
9 4 1 11 -0.259413
9 4 2 10 0.359394
9 4 3 2 0.274166
9 4 3 5 -0.126567
9 4 3 6 0.413221
9 4 4 2 -0.716368
9 4 4 5 0.900337
9 4 4 7 -0.749659
9 4 4 9 -0.311888
9 4 5 3 0.848406
9 4 5 4 0.485340
9 4 5 5 0.384055
9 4 5 10 0.748870
9 4 6 3 -0.465194
9 4 6 7 0.067032
9 4 6 8 -0.627982
9 4 6 9 -0.350318
9 4 7 2 -0.316497
9 4 7 6 -0.839111
9 4 8 1 -0.314700
9 4 8 6 0.263884
9 4 9 3 -0.064411
9 4 10 5 0.920742
9 4 11 4 -0.298932
9 4 11 5 0.274028
9 5 1 3 -0.558020
9 5 1 4 -0.408685
9 5 1 7 0.406608
9 5 1 8 0.613263
9 5 1 10 -0.336689
9 5 2 5 0.914222
9 5 3 2 -0.291827
9 5 3 3 0.807837
9 5 3 4 -0.269596
9 5 3 6 -0.825982
9 5 3 7 0.139238
9 5 4 10 -0.006337
9 5 4 11 0.317061
9 5 5 9 -0.012380
9 5 6 2 -0.190250
9 5 6 3 -0.241367
9 5 6 4 -0.445508
9 5 6 7 -0.745468
9 5 6 10 0.608640
9 5 6 11 0.358174
9 5 7 1 -0.301477
9 5 7 9 0.307626
9 5 7 10 0.413912
9 5 7 11 -0.091053
9 5 8 1 0.806253
9 5 8 2 -0.567385
9 5 8 6 0.801409
9 5 9 1 -0.877409
9 5 9 6 -0.340892
9 5 9 9 0.109749
9 5 9 10 -0.117355
9 5 10 3 0.911584
9 5 10 6 0.182060
9 5 10 8 0.107555
9 5 11 2 0.417299
9 5 11 7 -0.215152
9 6 1 1 -0.634706
9 6 1 5 -0.631095
9 6 2 1 0.099039
9 6 2 8 0.141906
9 6 2 10 0.176347
9 6 3 5 -0.433555
9 6 3 7 -0.924533
9 6 3 9 0.334373
9 6 3 10 0.905231
9 6 4 4 -0.543190
9 6 4 7 -0.373712
9 6 4 11 -0.198006
9 6 5 1 0.409636
9 6 5 9 -0.931898
9 6 5 10 -0.107784
9 6 6 2 0.624124
9 6 6 3 -0.883277
9 6 6 5 -0.709473
9 6 6 7 -0.721682
9 6 6 8 -0.207901
9 6 6 9 0.933562
9 6 6 10 -0.495253
9 6 7 4 0.028157
9 6 7 7 -0.579935
9 6 7 8 -0.600683
9 6 8 1 -0.446188
9 6 8 6 0.798129
9 6 8 9 0.882315
9 6 9 1 -0.257424
9 6 9 10 0.667580
9 6 10 8 0.352143
9 6 11 4 0.210614
9 6 11 6 -0.429003
9 6 11 8 0.627027
9 6 11 9 0.017995
9 6 11 11 0.132779
9 7 1 7 -0.645046
9 7 1 8 -0.269025
9 7 2 2 -0.918010
9 7 2 7 0.290344
9 7 2 8 0.882587
9 7 2 11 -0.922762
9 7 3 1 0.667090
9 7 3 2 -0.862323
9 7 3 4 -0.087790
9 7 3 9 0.433164
9 7 4 4 0.226500
9 7 4 5 0.892774
9 7 5 3 0.755439
9 7 5 11 -0.304386
9 7 6 6 0.238821
9 7 6 7 -0.029652
9 7 6 8 -0.683596
9 7 7 3 0.136729
9 7 7 4 -0.512824
9 7 7 5 -0.315994
9 7 7 6 0.361657
9 7 7 10 -0.231087
9 7 8 2 -0.161563
9 7 8 3 0.524944
9 7 8 11 -0.838473
9 7 9 11 0.384041
9 7 10 5 -0.240797
9 7 10 7 0.987342
9 7 11 11 -0.394546
9 8 1 5 -0.874021
9 8 1 6 -0.916562
9 8 1 9 0.738295
9 8 1 11 -0.367216
9 8 2 4 0.875229
9 8 2 6 0.377189
9 8 2 10 -0.415697
9 8 3 6 -0.507516
9 8 3 7 -0.505541
9 8 4 4 -0.046028
9 8 4 6 0.393583
9 8 5 1 -0.453547
9 8 5 6 0.588041
9 8 5 8 0.158101
9 8 5 10 0.787673
9 8 5 11 -0.970865
9 8 6 2 0.941181
9 8 6 11 -0.284786
9 8 7 1 -0.404400
9 8 7 7 0.468535
9 8 8 1 -0.750602
9 8 8 4 -0.025207
9 8 9 6 -0.160195
9 8 9 7 0.446904
9 8 9 11 0.335247
9 8 11 7 -0.967477
9 9 1 2 0.638757
9 9 1 10 0.241519
9 9 2 3 0.605681
9 9 2 8 0.298701
9 9 2 9 -0.750593
9 9 2 10 0.129183
9 9 3 8 -0.263187
9 9 4 3 0.256887
9 9 5 6 -0.208610
9 9 5 8 0.314944
9 9 6 8 -0.997710
9 9 6 10 -0.508770
9 9 7 6 -0.402652
9 9 7 9 -0.222656
9 9 7 11 -0.270582
9 9 8 6 -0.538997
9 9 9 1 -0.267723
9 9 9 2 0.063922
9 9 9 4 0.375789
9 9 9 6 -0.416063
9 9 9 8 0.869039
9 9 10 7 0.295879
9 9 11 8 0.813810
9 9 11 10 -0.132938
9 9 11 11 -0.198985
9 10 1 3 0.231090
9 10 1 7 -0.213075
9 10 2 1 -0.565650
9 10 2 4 0.923476
9 10 2 5 0.528336
9 10 2 6 0.135946
9 10 2 8 -0.960058
9 10 2 9 -0.755973
9 10 2 10 0.534254
9 10 3 6 -0.029250
9 10 3 7 -0.720983
9 10 3 8 0.505270
9 10 3 10 -0.941659
9 10 3 11 -0.719115
9 10 4 6 -0.508499
9 10 4 7 0.525315
9 10 4 11 -0.981393
9 10 5 3 0.268339
9 10 5 8 0.883867
9 10 5 10 0.371604
9 10 5 11 -0.525380
9 10 6 4 -0.601529
9 10 6 5 -0.914023
9 10 6 6 0.904896
9 10 6 8 -0.730737
9 10 6 9 0.671123
9 10 7 2 0.264303
9 10 7 4 -0.610557
9 10 7 8 -0.606709
9 10 8 3 0.545810
9 10 8 7 -0.709882
9 10 8 8 -0.076572
9 10 8 9 -0.955179
9 10 10 3 0.306210
9 10 10 4 0.925865
9 10 10 10 -0.291508
9 10 11 1 -0.199868
9 10 11 4 -0.872793
9 11 1 3 -0.016276
9 11 1 4 0.581492
9 11 1 5 -0.441095
9 11 1 6 -0.059499
9 11 1 10 -0.188465
9 11 2 3 0.001371
9 11 2 7 -0.185376
9 11 2 9 0.008019
9 11 3 3 0.191227
9 11 3 4 -0.954116
9 11 3 6 -0.485420
9 11 4 2 -0.116500
9 11 4 3 0.669203
9 11 4 7 -0.010563
9 11 4 11 0.467705
9 11 5 7 0.844297
9 11 5 10 -0.817422
9 11 6 1 0.489680
9 11 6 5 0.282291
9 11 6 8 -0.926120
9 11 7 1 -0.267763
9 11 7 4 0.181466
9 11 7 7 -0.609148
9 11 7 9 -0.133502
9 11 7 11 0.849475
9 11 8 1 -0.878832
9 11 8 2 -0.777785
9 11 8 9 -0.017522
9 11 9 1 -0.532740
9 11 9 5 0.841492
9 11 10 1 0.120169
9 11 10 6 -0.867145
10 1 1 3 -0.304100
10 1 1 5 0.808809
10 1 1 8 0.177270
10 1 1 10 0.481734
10 1 2 7 0.707030
10 1 2 9 -0.191819
10 1 3 2 -0.183079
10 1 3 6 0.365671
10 1 4 10 0.502731
10 1 5 2 -0.119087
10 1 5 3 0.898341
10 1 6 3 0.846472
10 1 6 8 -0.538250
10 1 6 9 0.428712
10 1 6 11 -0.023430
10 1 7 6 0.029058
10 1 7 10 0.643163
10 1 7 11 0.924471
10 1 8 8 0.580159
10 1 8 9 -0.029814
10 1 9 1 0.563034
10 1 10 3 -0.546376
10 1 10 8 -0.871862
10 1 11 1 -0.897082
10 1 11 5 0.511175
10 1 11 8 0.773285
10 1 11 9 -0.185789
10 1 11 11 0.659978
10 2 1 11 0.188886
10 2 2 2 0.744400
10 2 2 4 -0.986754
10 2 3 7 -0.977764
10 2 3 11 0.386298
10 2 4 3 -0.340256
10 2 4 4 -0.103817
10 2 4 5 -0.672146
10 2 4 7 0.311404
10 2 4 9 -0.843420
10 2 5 10 -0.308574
10 2 6 1 -0.369852
10 2 6 5 -0.419623
10 2 6 7 -0.015144
10 2 6 11 -0.464694
10 2 7 3 0.462295
10 2 7 4 0.351505
10 2 7 5 -0.295939
10 2 8 3 0.947315
10 2 8 7 -0.883357
10 2 9 3 -0.735150
10 2 9 7 -0.306638
10 2 9 8 0.719607
10 2 10 1 0.143939
10 2 10 9 -0.382032
10 2 10 10 -0.457380
10 2 11 2 -0.333028
10 2 11 3 0.797627
10 2 11 5 0.115960
10 2 11 7 0.970914
10 3 1 4 0.652225
10 3 2 1 0.532756
10 3 2 2 0.973524
10 3 3 1 0.121651
10 3 3 6 -0.737792
10 3 3 7 -0.193169
10 3 3 9 0.087062
10 3 4 3 0.736570
10 3 4 8 0.737878
10 3 4 9 0.953708
10 3 4 11 -0.012958
10 3 5 3 0.394978
10 3 5 7 0.496181
10 3 5 8 0.530840
10 3 5 10 0.761252
10 3 6 6 0.553507
10 3 6 7 -0.800602
10 3 7 2 -0.354903
10 3 7 6 -0.918232
10 3 7 11 0.264200
10 3 8 4 0.738005
10 3 8 10 0.495321
10 3 8 11 -0.956566
10 3 9 2 -0.567885
10 3 9 9 -0.595516
10 3 9 11 -0.849641
10 3 10 2 0.050922
10 3 10 4 -0.109648
10 3 10 5 -0.976870
10 3 10 6 -0.621570
10 3 10 7 0.074553
10 3 10 8 -0.638761
10 3 11 2 0.931604
10 3 11 7 0.159101
10 4 2 7 -0.508718
10 4 2 9 -0.760132
10 4 3 3 0.323205
10 4 3 4 -0.680093
10 4 3 5 0.016257
10 4 3 10 -0.815961
10 4 4 5 0.892775
10 4 4 9 0.991438
10 4 4 10 0.673898
10 4 4 11 0.427964
10 4 6 3 -0.365004
10 4 6 4 0.238563
10 4 6 5 0.347998
10 4 6 9 0.085066
10 4 6 11 -0.506733
10 4 7 1 -0.691591
10 4 7 2 -0.356904
10 4 7 5 -0.387460
10 4 7 7 0.796159
10 4 7 9 -0.023010
10 4 7 10 -0.589079
10 4 7 11 -0.600090
10 4 8 2 -0.822277
10 4 8 8 -0.503677
10 4 9 2 0.992947
10 4 9 6 0.405470
10 4 9 8 0.442863
10 4 10 7 0.358765
10 4 10 10 -0.144170
10 4 10 11 -0.417994
10 4 11 5 -0.556784
10 4 11 11 0.653497
10 5 1 10 -0.034353
10 5 2 4 0.011666
10 5 3 10 0.982720
10 5 4 7 0.528913
10 5 5 8 0.016108
10 5 6 2 -0.635090
10 5 6 3 0.592348
10 5 6 7 0.238363
10 5 7 5 0.025659
10 5 7 6 0.579935
10 5 8 1 0.020927
10 5 8 2 0.234799
10 5 8 5 -0.487834
10 5 8 6 -0.751144
10 5 8 7 0.917851
10 5 9 6 -0.255863
10 5 10 1 -0.904669
10 5 10 2 -0.188520
10 5 10 7 -0.552314
10 5 11 1 0.517106
10 5 11 9 0.572641
10 5 11 10 -0.896050
10 6 1 4 -0.058197
10 6 1 5 -0.101486
10 6 1 7 -0.242820
10 6 1 10 0.085092
10 6 2 6 0.356937
10 6 2 10 0.999690
10 6 3 3 -0.629148
10 6 3 4 -0.642701
10 6 3 10 -0.119370
10 6 3 11 0.685796
10 6 4 1 0.886938
10 6 4 5 0.341230
10 6 4 9 -0.836686
10 6 4 10 0.023661
10 6 5 4 -0.344157
10 6 5 6 0.503802
10 6 6 1 0.384955
10 6 6 5 -0.987531
10 6 6 7 -0.650052
10 6 7 5 0.595646
10 6 7 8 0.377714
10 6 7 10 -0.600364
10 6 8 1 0.541873
10 6 8 4 0.415791
10 6 8 7 0.807509
10 6 8 10 0.252604
10 6 9 6 0.553746
10 6 10 4 -0.541516
10 6 10 9 0.638444
10 6 11 1 -0.277675
10 6 11 5 0.827418
10 7 1 4 -0.712582
10 7 1 5 -0.008705
10 7 1 9 0.533103
10 7 1 11 -0.781590
10 7 2 2 0.656262
10 7 3 2 -0.021236
10 7 3 6 -0.720960
10 7 3 9 -0.808901
10 7 4 3 0.887241
10 7 5 3 -0.362098
10 7 5 6 0.577322
10 7 5 8 0.551511
10 7 5 11 0.542905
10 7 6 1 -0.077191
10 7 7 7 0.097342
10 7 7 10 -0.826606
10 7 7 11 -0.998022
10 7 8 6 -0.392601
10 7 8 9 0.969949
10 7 8 11 0.680454
10 7 9 4 -0.988309
10 7 9 5 -0.498437
10 7 10 6 0.842854
10 7 11 2 -0.104998
10 7 11 6 -0.854674
10 7 11 7 -0.237369
10 8 1 5 0.319295
10 8 1 10 -0.767699
10 8 2 4 -0.053399
10 8 2 7 0.693803
10 8 3 3 -0.033385
10 8 3 6 -0.382301
10 8 3 8 0.110507
10 8 4 2 0.559879
10 8 4 3 -0.805725
10 8 4 6 0.427533
10 8 4 8 -0.147280
10 8 4 9 -0.657858
10 8 4 10 -0.524025
10 8 5 4 0.610723
10 8 5 8 -0.615319
10 8 5 11 0.804920
10 8 6 4 -0.953863
10 8 6 10 -0.673854
10 8 7 2 -0.301501
10 8 7 10 0.723203
10 8 8 2 0.634025
10 8 8 10 0.653339
10 8 9 3 -0.995166
10 8 9 4 -0.162891
10 8 9 7 -0.524086
10 8 9 9 0.384211
10 8 9 10 -0.350018
10 8 10 6 -0.025059
10 8 11 4 -0.412317
10 8 11 6 -0.822954
10 9 1 2 -0.827993
10 9 1 3 0.214097
10 9 1 8 -0.827487
10 9 1 9 0.415935
10 9 1 11 0.282001
10 9 2 3 -0.421220
10 9 2 5 0.607880
10 9 3 3 -0.536307
10 9 3 6 0.889128
10 9 3 7 -0.868943
10 9 3 10 -0.724178
10 9 4 8 0.957890
10 9 4 11 -0.905392
10 9 5 4 0.022083
10 9 5 7 -0.276447
10 9 5 8 0.794028
10 9 5 10 0.852250
10 9 5 11 0.876110
10 9 6 2 -0.265679
10 9 6 6 0.575052
10 9 7 7 0.332066
10 9 7 9 0.956086
10 9 8 3 0.337649
10 9 8 8 -0.604212
10 9 9 5 0.641992
10 9 9 6 -0.925912
10 9 9 9 0.953422
10 9 10 3 0.696873
10 9 10 5 -0.153691
10 9 11 8 -0.685393
10 9 11 9 -0.737402
10 9 11 11 -0.042416
10 10 1 8 0.808237
10 10 2 4 -0.012112
10 10 2 10 -0.992610
10 10 3 2 0.785926
10 10 3 3 0.613688
10 10 3 9 0.879672
10 10 4 3 -0.200865
10 10 4 5 -0.633472
10 10 4 7 0.481411
10 10 4 10 0.431431
10 10 5 2 0.446364
10 10 5 3 0.396833
10 10 5 5 0.629466
10 10 6 4 -0.313512
10 10 6 6 0.504115
10 10 6 9 -0.687544
10 10 7 2 0.019746
10 10 7 8 -0.757484
10 10 7 11 -0.618649
10 10 8 5 0.563010
10 10 8 7 -0.578348
10 10 9 5 0.792284
10 10 9 6 -0.744043
10 10 9 7 0.157522
10 10 9 11 -0.092163
10 10 10 5 -0.670386
10 10 10 7 -0.360500
10 10 10 8 -0.604122
10 10 11 10 0.350093
10 11 1 5 -0.246977
10 11 1 9 0.834408
10 11 1 11 0.330134
10 11 2 1 -0.071544
10 11 2 2 0.441217
10 11 2 5 0.288660
10 11 2 6 0.493001
10 11 3 4 0.991914
10 11 3 7 0.990761
10 11 3 10 0.809202
10 11 4 7 -0.752451
10 11 4 10 -0.352815
10 11 5 3 -0.003908
10 11 5 7 -0.654036
10 11 6 2 -0.766064
10 11 7 2 0.022728
10 11 7 5 0.831404
10 11 7 10 0.686658
10 11 8 8 -0.252439
10 11 8 9 -0.806248
10 11 9 6 -0.374802
10 11 9 7 0.404729
10 11 9 11 -0.878559
10 11 10 1 0.412180
10 11 10 2 0.778063
10 11 10 8 -0.504588
10 11 11 1 -0.646333
10 11 11 3 -0.858553
11 1 1 3 0.502199
11 1 2 4 -0.323619
11 1 2 7 0.312255
11 1 3 1 -0.169321
11 1 3 2 -0.710291
11 1 3 6 0.311296
11 1 4 7 -0.188621
11 1 4 9 -0.694441
11 1 4 11 -0.828510
11 1 5 3 -0.916885
11 1 5 8 0.516396
11 1 5 11 -0.399917
11 1 6 3 0.453619
11 1 6 9 -0.895452
11 1 6 10 -0.369049
11 1 7 1 -0.551088
11 1 7 11 -0.009690
11 1 8 1 0.574201
11 1 8 5 -0.444416
11 1 8 8 -0.971755
11 1 8 9 -0.271455
11 1 9 1 0.028026
11 1 9 2 0.214852
11 1 9 8 0.249502
11 1 9 9 0.166854
11 1 9 11 -0.210386
11 1 10 3 0.206540
11 1 10 7 -0.747670
11 1 10 9 -0.825277
11 1 11 7 0.593463
11 2 2 3 -0.998302
11 2 2 4 -0.687798
11 2 2 9 0.492217
11 2 2 10 0.459300
11 2 2 11 0.693361
11 2 3 3 -0.199198
11 2 3 6 -0.821170
11 2 3 8 -0.445725
11 2 3 10 0.228358
11 2 4 1 0.989314
11 2 4 4 0.379109
11 2 4 6 -0.001270
11 2 5 2 -0.954700
11 2 5 4 0.714964
11 2 6 9 0.511500
11 2 6 10 0.467199
11 2 7 1 0.659625
11 2 7 6 -0.028913
11 2 8 7 0.824375
11 2 9 2 -0.609152
11 2 9 4 0.561331
11 2 9 7 -0.198206
11 2 9 8 -0.804463
11 2 10 8 0.417403
11 2 10 9 0.533291
11 2 10 11 -0.351262
11 2 11 3 0.536544
11 2 11 4 -0.797955
11 2 11 5 -0.390647
11 2 11 6 0.474438
11 3 1 3 -0.723297
11 3 1 4 -0.768898
11 3 1 6 0.300042
11 3 1 9 0.992708
11 3 1 11 -0.242566
11 3 2 1 -0.274224
11 3 2 2 0.229396
11 3 2 5 -0.060388
11 3 2 9 -0.760431
11 3 3 2 -0.817164
11 3 3 4 0.963946
11 3 3 7 -0.979772
11 3 3 10 0.536597
11 3 5 2 0.742132
11 3 5 6 0.799997
11 3 5 8 0.249351
11 3 5 9 0.195283
11 3 5 11 -0.891970
11 3 6 2 0.131386
11 3 6 6 0.318800
11 3 6 7 0.515128
11 3 6 8 -0.440789
11 3 7 8 -0.802209
11 3 7 11 -0.830907
11 3 8 5 -0.714876
11 3 8 7 -0.073099
11 3 8 9 -0.216844
11 3 8 11 0.608748
11 3 9 4 -0.106346
11 3 9 7 -0.176768
11 3 9 9 -0.506040
11 3 9 11 -0.876293
11 3 10 3 -0.016734
11 3 10 6 -0.939889
11 3 11 5 -0.632380
11 3 11 7 -0.672010
11 4 1 2 0.476941
11 4 1 10 -0.973610
11 4 2 5 -0.418364
11 4 2 11 -0.333086
11 4 3 8 -0.372900
11 4 3 11 -0.924827
11 4 4 2 -0.703997
11 4 4 5 -0.928653
11 4 4 6 -0.204456
11 4 4 9 0.152741
11 4 4 10 -0.676985
11 4 5 2 0.347843
11 4 5 11 -0.576413
11 4 6 6 -0.888184
11 4 6 10 -0.974983
11 4 7 1 0.989505
11 4 7 4 -0.399154
11 4 7 5 0.518119
11 4 7 6 -0.099210
11 4 7 7 -0.751667
11 4 7 8 -0.660894
11 4 7 9 0.420421
11 4 7 10 0.318837
11 4 8 2 -0.560071
11 4 8 3 -0.193357
11 4 8 9 0.919171
11 4 9 3 -0.115609
11 4 9 5 0.085278
11 4 9 7 -0.130501
11 4 9 9 -0.864310
11 4 10 1 0.763094
11 4 10 4 0.897366
11 4 11 8 0.936476
11 5 1 3 0.365728
11 5 2 1 0.744339
11 5 2 3 0.752346
11 5 2 4 -0.612042
11 5 2 6 0.338868
11 5 3 2 0.516581
11 5 3 3 -0.447644
11 5 3 5 -0.996095
11 5 4 4 0.224192
11 5 4 9 0.474816
11 5 5 3 0.060140
11 5 5 9 -0.382800
11 5 5 10 0.721267
11 5 6 5 -0.212183
11 5 6 8 0.445991
11 5 7 8 0.049686
11 5 7 11 -0.870343
11 5 8 2 0.112466
11 5 8 4 -0.549168
11 5 8 5 -0.964640
11 5 8 6 -0.674628
11 5 8 10 -0.975465
11 5 8 11 0.664420
11 5 9 2 0.344117
11 5 9 5 -0.229202
11 5 10 9 0.304537
11 5 10 11 0.642601
11 5 11 1 -0.421771
11 5 11 6 -0.533837
11 5 11 9 0.336491
11 5 11 10 -0.007160
11 6 1 1 0.893385
11 6 1 2 -0.232971
11 6 1 6 0.086387
11 6 2 2 0.842176
11 6 2 11 0.803801
11 6 3 1 -0.662442
11 6 3 8 -0.985285
11 6 3 9 0.907309
11 6 4 2 -0.661759
11 6 4 6 0.979946
11 6 4 9 0.597988
11 6 4 11 0.906800
11 6 5 1 0.674190
11 6 5 2 0.387311
11 6 5 3 -0.708529
11 6 5 8 0.621636
11 6 5 11 -0.022431
11 6 6 1 0.700442
11 6 6 2 0.262059
11 6 6 4 0.050735
11 6 6 6 0.602807
11 6 7 7 -0.414489
11 6 7 9 0.329525
11 6 7 10 -0.267240
11 6 8 2 0.021032
11 6 8 3 0.804575
11 6 8 5 -0.511592
11 6 8 10 0.190983
11 6 8 11 0.442614
11 6 9 5 0.445383
11 6 9 7 -0.806949
11 6 9 11 0.057986
11 6 10 1 -0.444419
11 6 10 4 0.856849
11 6 10 9 0.809762
11 6 10 11 0.116745
11 6 11 3 -0.895362
11 6 11 7 -0.123383
11 7 1 11 -0.467067
11 7 2 6 0.335590
11 7 2 8 -0.774234
11 7 2 10 0.334860
11 7 3 4 -0.983642
11 7 3 8 0.132430
11 7 3 9 -0.908735
11 7 3 10 -0.788281
11 7 4 2 0.842579
11 7 4 4 0.165118
11 7 4 6 0.308626
11 7 4 9 -0.513198
11 7 5 7 -0.475459
11 7 5 10 -0.482525
11 7 6 1 0.953066
11 7 6 3 -0.186005
11 7 6 5 -0.116855
11 7 6 6 0.523000
11 7 6 11 -0.507216
11 7 7 7 0.385605
11 7 7 9 0.481474
11 7 7 10 0.399964
11 7 7 11 -0.497215
11 7 8 4 -0.318077
11 7 8 8 -0.935355
11 7 8 10 0.819664
11 7 9 7 0.855868
11 7 10 4 0.669561
11 7 10 6 0.637497
11 7 10 8 0.146448
11 7 11 5 0.766026
11 7 11 9 -0.367391
11 7 11 10 -0.453995
11 8 1 2 0.046777
11 8 1 4 -0.662080
11 8 1 9 0.299711
11 8 2 3 0.713109
11 8 2 4 -0.296918
11 8 2 11 -0.442814
11 8 3 3 -0.357501
11 8 3 4 0.981965
11 8 3 5 0.088895
11 8 3 6 -0.331127
11 8 3 9 -0.692428
11 8 4 2 -0.085471
11 8 4 9 0.118391
11 8 4 11 -0.939289
11 8 6 10 -0.985539
11 8 7 1 0.276172
11 8 7 4 0.525703
11 8 7 5 -0.585253
11 8 7 6 0.502911
11 8 7 11 -0.475005
11 8 8 4 -0.109746
11 8 8 5 0.211657
11 8 8 6 -0.460100
11 8 8 9 -0.335053
11 8 8 11 -0.348305
11 8 9 2 0.136282
11 8 9 4 0.609178
11 8 10 7 -0.062241
11 8 10 11 0.091467
11 8 11 1 -0.449325
11 8 11 6 0.165564
11 8 11 10 0.403874
11 9 1 2 -0.656185
11 9 1 3 -0.484631
11 9 1 5 -0.843050
11 9 1 7 0.279593
11 9 1 11 -0.805127
11 9 2 3 -0.707194
11 9 2 10 0.303804
11 9 2 11 0.346445
11 9 3 2 -0.143381
11 9 4 9 -0.343821
11 9 5 2 -0.722710
11 9 5 4 -0.812281
11 9 6 9 -0.987875
11 9 7 1 -0.547947
11 9 7 6 0.249154
11 9 8 4 -0.129241
11 9 8 5 -0.840762
11 9 8 6 0.691375
11 9 8 8 0.669265
11 9 9 1 -0.045472
11 9 9 5 0.092746
11 9 9 8 -0.290003
11 9 9 9 0.923854
11 9 10 2 0.588551
11 9 10 7 -0.030357
11 9 10 8 0.739283
11 9 11 6 -0.096142
11 9 11 10 -0.281508
11 10 1 4 0.923775
11 10 1 7 0.054909
11 10 1 9 -0.929540
11 10 1 11 0.673075
11 10 2 7 0.435329
11 10 3 2 -0.463241
11 10 3 6 0.760995
11 10 3 9 -0.306499
11 10 3 11 -0.963435
11 10 4 4 -0.659782
11 10 5 1 -0.221104
11 10 5 4 -0.945719
11 10 5 10 -0.063680
11 10 6 6 -0.357084
11 10 7 2 0.085423
11 10 7 4 -0.186641
11 10 7 5 0.985845
11 10 7 7 -0.293681
11 10 8 3 -0.274105
11 10 8 5 -0.773875
11 10 8 9 0.402455
11 10 8 10 -0.810710
11 10 9 7 -0.631938
11 10 10 6 0.462951
11 10 10 9 0.207114
11 10 11 1 -0.872646
11 11 1 2 0.631289
11 11 1 4 -0.149224
11 11 1 5 -0.168268
11 11 1 6 -0.571800
11 11 2 1 -0.104897
11 11 3 2 0.366223
11 11 3 4 0.909719
11 11 3 7 0.659048
11 11 3 8 -0.536154
11 11 3 11 0.847785
11 11 4 2 -0.757051
11 11 4 4 0.289788
11 11 4 6 0.983364
11 11 4 7 -0.394298
11 11 4 10 0.319868
11 11 4 11 0.339073
11 11 5 3 0.625388
11 11 5 7 -0.219076
11 11 5 8 0.150160
11 11 6 7 0.195775
11 11 7 2 0.389764
11 11 7 4 -0.604937
11 11 7 5 0.467269
11 11 7 7 0.962254
11 11 7 11 0.138023
11 11 8 3 -0.171201
11 11 8 4 0.843226
11 11 8 10 -0.236358
11 11 9 4 0.084761
11 11 9 10 0.145126
11 11 10 5 0.288562
11 11 10 10 0.365954
11 11 11 2 0.431055
11 11 11 3 -0.981036
11 11 11 6 -0.083727
11 11 11 7 0.231249
11 11 11 9 0.986007
11 11 11 10 0.416745
